0.427522
0.569073
0.639553
0.42428
0.358808
0.620345
0.393704
0.630865
0.686197
0.459177
0.511638
0.591893
0.316804
0.536374
0.397133
0.493286
0.240784
0.290825
0.419918
0.387014
0.350046
0.302526
0.693564
0.505291
0.692653
0.407336
0.68189
0.587298
0.475747
0.338297
0.318068
0.675575
0.438433
0.527726
0.454305
0.607781
0.512043
0.546298
0.674736
0.606131
0.420458
0.604224
0.511375
0.656313
0.532795
0.649844
0.621518
0.609376
0.565225
0.34861
0.436651
0.281806
0.389858
0.273676
0.220507
0.603108
0.676653
0.377349
0.467417
0.569026
0.642639
0.609771
0.676997
0.544329
0.530092
0.412115
0.692235
0.66813
0.544631
0.581434
0.225733
0.432338
0.348623
0.395259
0.213553
0.607855
0.57969
0.414757
0.627814
0.431422
0.22104
0.268674
0.2916
0.171038
0.280161
0.539214
0.409221
0.569521
0.512624
0.402962
0.473963
0.485267
0.461614
0.469186
0.539471
0.377043
0.494605
0.432779
0.320037
0.332042
0.418574
0.346304
0.247767
0.676883
0.639839
0.374219
0.524196
0.355933
0.312881
0.247823
0.480455
0.634673
0.564181
0.426392
0.629634
0.650349
0.290001
0.534779
0.25351
0.374105
0.524076
0.425026
0.309589
0.105944
0.178219
0.192464
0.177615
0.221515
0.349953
0.163361
0.486452
0.56742
0.555341
0.665635
0.319338
0.51475
0.313076
0.312449
0.291421
0.289759
0.341376
0.670107
0.399083
0.410447
0.354796
0.33454
0.169099
0.462966
0.482042
0.626383
0.445717
0.395368
0.265103
0.631511
0.343691
0.244272
0.506769
0.372525
0.422662
0.535879
0.593027
0.224746
0.247599
0.609762
0.469044
0.360363
0.564966
