167
238.747 219.233 227.96 479.379 
256.961 256.595 329.016 434.352 
261.736 243.707 292.975 421.023 
256.983 277.964 383.938 435.387 
282.286 245.218 295.76 370.915 
236.607 225.792 246.047 485.429 
307.251 244.062 290.726 311.194 
230.205 226.132 247.423 503.412 
282.63 228.39 252.085 368.377 
231.995 261.597 343.521 498.424 
282.286 245.218 295.76 370.915 
257.466 219.653 228.14 431.354 
244.602 186.187 134.273 461.677 
317.615 220.275 229.316 285.197 
316.089 211.024 206.544 286.701 
257.466 219.653 228.14 431.354 
356.108 239.024 279.665 174.392 
228.863 283.565 403.8 508.678 
334.226 206.912 194.585 235.453 
221.666 293.502 431.222 527.37 
275.186 261.244 337.954 389.546 
267.729 227.636 249.94 404.95 
253.812 280.567 392.024 443.542 
223.495 223.159 238.212 520.818 
246.501 227.052 249.394 459.707 
346.599 200.849 179.065 196.182 
270.538 223.059 237.702 397.691 
345.791 226.132 243.9 202.151 
234.405 272.157 372.415 493.792 
233.491 238.572 282.009 494.943 
299.604 217.861 223.048 325.939 
292.508 214.456 213.991 342.984 
290.461 277.874 377.971 352.305 
292.508 214.456 213.991 342.984 
327.986 193.447 158.607 251.226 
216.045 286.93 414.35 542.339 
371.771 178.853 117.214 112.724 
340.657 160.859 67.0977 206.558 
373.551 189.864 146.947 108.186 
298.307 240.587 281.458 332.506 
270.05 278.052 382.283 403.584 
275.437 227.084 248.424 385.949 
326.306 171.46 98.3273 253.369 
263.172 230.557 258.24 416.443 
397.831 189.189 144.481 28.0805 
335.51 219.612 227.99 232.729 
349.454 247.866 302.853 195.482 
368.985 232.693 264.463 132.967 
233.414 234.797 271.235 494.09 
266.279 271.661 365.161 412.686 
274.563 173.208 99.25 383.189 
253.906 269.579 363.72 442.624 
283.366 254.488 319.57 368.901 
307.109 208.357 198.258 307.396 
331.433 250.813 307.775 248.83 
305.707 152.916 46.4996 304.247 
350.487 241.614 286.32 191.353 
368.985 232.693 264.463 132.967 
227.052 223.378 237.893 509.667 
292.769 175.447 107.945 336.945 
332.985 222.945 237.321 240.977 
223.263 280.495 396.382 522.977 
360.281 210.38 203.851 155.119 
294.7 228.269 251.44 338.292 
241.07 336.195 550.63 471.575 
262.208 259.011 333.479 421.446 
268.406 282.112 392.597 408.656 
357.158 231.76 260.807 169.026 
271.148 353.51 607.276 379.003 
218.496 245.34 301.463 534.361 
319.326 228.173 249.217 282.9 
354.799 228.204 250.934 177.414 
226.87 375.633 692.218 500.594 
344.464 268.722 355.15 210.199 
279.083 171.666 95.582 371.405 
283.831 215.39 216.885 364.505 
271.17 359.216 628.511 378.477 
496.232 45.5237 273.867 280.941 
358.727 254.246 320.94 168.887 
269.627 218.392 225.401 399.673 
340.657 160.859 67.0977 206.558 
316.252 200.181 176.445 284.808 
214.989 297.845 444.956 547.726 
291.871 269.297 355.881 349.305 
356.717 316.572 482.863 174.612 
248.174 183.381 125.802 453.078 
212.976 357.757 627.265 546.74 
370.997 259.762 332.785 131.321 
373.756 262.752 343.175 124.538 
275.531 225.233 246.049 383.866 
290.763 361.792 635.721 320.477 
241.07 336.195 550.63 471.575 
269.619 267.305 354.676 403.203 
260.871 331.062 534.218 416.842 
356.329 266.928 355.329 168.027 
212.16 353.164 610.898 548.42 
248.978 259.367 332.794 451.971 
357.972 217.244 222.262 164.257 
333.168 158.579 61.9255 229.293 
385.997 242.581 291.699 79.6466 
326.713 239.859 277.261 262.619 
276.827 387.97 734.948 346.859 
328.661 190.086 149.853 248.498 
264.212 327.939 522.926 411.257 
249.624 335.496 548.33 447.979 
362.587 180.238 120.781 142.326 
283.831 215.39 216.885 364.505 
364.115 263.284 340.472 155.128 
355.035 313.475 473.914 181.745 
278.801 352.063 602.717 360.797 
46.3824 572.12 747.995 120.852 
346.599 200.849 179.065 196.182 
233.882 330.404 529.221 492.017 
400.779 196.63 165.591 20.4218 
387.081 281.003 389.87 87.7411 
277.724 362.692 640.32 358.591 
278.801 352.063 602.717 360.797 
374.579 166.135 80.598 98.9348 
321.405 343.635 570.112 247.493 
233.504 351.902 606.385 488.167 
271.17 359.216 628.511 378.477 
276.537 359.355 629.359 356.976 
243.66 181.902 117.481 459.124 
284.562 328.235 522.826 355.336 
237.828 297.649 438.536 486.575 
514.709 49.8917 273.867 280.941 
260.592 330.827 534.218 416.842 
239.118 231.55 262.849 478.68 
301.266 170.131 91.337 316.625 
396.44 264.093 350.967 50.6844 
328.661 190.086 149.853 248.498 
380 284.673 401.485 109.198 
316.82 233.732 264.677 289.628 
322.559 379.083 695.721 221.301 
216.888 355.097 618.43 532.848 
265.095 325.244 514.364 410.879 
319.66 228.522 249.217 282.9 
292.142 167.228 85.7317 337.703 
275.531 225.233 246.049 383.866 
352.83 317.235 486.024 186.098 
292.769 175.447 107.945 336.945 
350.225 163.626 76.9051 176.47 
356.329 266.928 355.329 168.027 
361.316 245.967 296.144 159.605 
368.808 368.636 747.995 120.852 
263.145 181.587 122.921 412.629 
357.873 151.772 40.7061 150.131 
317.484 350.879 600.859 233.778 
527.395 53.1976 273.867 280.941 
543.14 248.732 622.495 240.038 
237.828 297.649 438.536 486.575 
583.094 67.1326 273.867 280.941 
52.955 467.748 360.091 30.9292 
737.644 392.119 53.2282 272.962 
265.365 359.878 501.119 211.075 
175.212 143.989 713.633 239.417 
224.197 228.2 253.565 518.292 
346.454 344.179 587.041 160.23 
209.516 297.244 444.294 561.086 
99.6668 238.962 466.394 125.75 
603.623 241.389 520.169 346.566 
360.597 318.929 489.339 163.067 
608.953 260.667 569.068 169.344 
248.174 183.381 125.802 453.078 
349.59 358.216 638.437 135.569 
113.824 249.153 53.2282 272.962 
97.6303 240.988 53.2282 272.962 
