207
867.88 65.9525 854.18 638.479 
529.28 334.478 320.918 154.595 
602.315 347.614 331.468 315.603 
927.752 22.5533 955.586 700.707 
560.869 356.624 304.389 231.372 
878.264 149.981 717.283 670.796 
606.108 331.735 356.043 321.713 
885.55 156.512 709.951 681.723 
936.055 181.397 681.537 754.505 
908.86 302.743 449.37 748.661 
833.893 36.7973 884.94 594.234 
912.845 220.323 602.584 733.619 
940.168 95.1245 837.836 736.092 
870.59 218.844 596.744 677.8 
614.251 346.959 337.298 342.3 
863.322 63.9474 855.036 633.033 
885.55 156.512 709.951 681.723 
936.889 55.7479 904.738 719.975 
864.224 69.808 846.833 635.119 
896.283 318.674 418.066 734.98 
895.871 284.945 481.312 725.871 
862.093 329.543 396.648 694.511 
555.113 344.007 318.678 212.036 
930.021 72.0498 872.364 715.498 
541.983 315.985 355.956 179.745 
859.421 296.93 454.841 682.096 
827.534 136.406 723.603 608.865 
866.466 392.721 282.985 712.092 
925.366 89.2547 840.239 714.437 
541.983 315.985 355.956 179.745 
957.435 86.5628 861.248 757.016 
874.044 66.7517 855.65 645.836 
602.795 331.497 354.684 314.888 
963.039 41.5585 943.315 751.74 
856.339 144.245 720.149 643.123 
959.386 55.6723 916.366 751.229 
892.154 157.605 709.904 690.236 
841.851 317.564 416.395 665.548 
555.674 321.723 353.266 211.769 
825.913 139.551 717.619 607.372 
692.104 328.94 391.759 507.831 
849.595 251.232 534.803 660.303 
925.366 89.2547 840.239 714.437 
922.199 57.6889 893.746 701.942 
912.493 227.976 588.124 734.583 
877.887 266.203 511.352 698.641 
783.864 285.394 468.328 591.251 
907.719 45.7344 905.537 684.008 
840.054 136.283 727.547 622.697 
530.126 292.865 387.8 158.432 
832.637 25.9245 901.473 589.492 
744.129 307.143 429.641 554.286 
853.978 61.1414 854.891 621.412 
958.624 83.4982 867.235 758.045 
778.254 292.875 455.223 586.534 
795.431 304.631 437.086 608.612 
886.781 133.977 748.767 677.4 
624.799 109.301 707.782 414.194 
552.562 317.456 357.956 203.653 
906.679 198.247 640.201 719.879 
777.397 317.518 414.154 590.961 
867.62 58.503 866.756 636.373 
377.56 716.262 373.62 448.015 
780.212 485.14 133.333 626.216 
862.093 329.543 396.648 694.511 
369.408 739.688 427.737 426.675 
909.735 88.7264 835.129 695.013 
552.388 341.793 321.878 205.286 
395.281 605.3 427.737 426.675 
927.737 65.3781 882.604 711.222 
863.023 80.6952 827.875 636.095 
773.165 77.1335 797.047 540.06 
800.276 238.179 550.406 599.567 
891.639 207.696 620.876 702.49 
875.21 136.834 733.286 663.683 
851.253 59.0532 857.975 617.499 
873.244 331.554 393.736 709.19 
930.518 93.4036 835.674 722.643 
875.034 278.716 489.005 698.105 
377.56 716.262 373.62 448.015 
897.455 49.8466 894.116 669.394 
865.75 150.318 712.833 656.152 
552.388 341.793 321.878 205.286 
754.439 29.5261 861.542 513.1 
789.719 270.773 492.28 595.534 
878.002 112.326 781.456 661.354 
897.71 133.564 753.754 691.275 
889.056 148.487 721.32 684.646 
555.984 335.118 331.116 190.945 
851.492 197.145 629.366 650.446 
559.407 23.3194 801.825 354.687 
677.422 280.345 468.357 485.595 
771.959 492.369 258.231 612.5 
855.047 108.554 779.163 633.654 
792.555 261.313 509.999 596.131 
801.782 305.921 435.302 615.293 
611 324.533 370.433 332.637 
705.44 411.046 265.029 534.558 
564.811 643.537 464.285 603.437 
800.678 183.923 638.781 589.593 
421.57 101.869 671.227 274.759 
831.436 352.895 353.878 660.059 
858.938 286.513 473.847 678.699 
793.709 288.113 464.285 603.437 
867.131 160.698 695.798 659.899 
779.812 117.255 739.849 554.202 
377.535 723.542 6.44356 248.434 
879.665 342.498 373.777 718.321 
919.135 202.889 637.198 737.141 
841.48 19.253 916.278 598.238 
882.197 302.118 448.826 712.88 
889.468 278.637 492.215 716.609 
918.89 186.829 665.8 732.676 
860.877 174.063 671.284 655.66 
924.737 99.2058 824.542 717.043 
855.377 479.783 125.223 716.385 
395.077 601.576 427.737 426.675 
552.562 317.456 357.956 203.653 
786.772 428.394 228.546 622.756 
542.366 320.641 349.24 177.582 
824.173 144.347 710.327 606.791 
859.421 296.93 454.841 682.096 
837.905 169.685 675.83 626.252 
869.396 247.953 543.753 683.864 
899.639 327.024 404.778 740.727 
521.606 367.596 274.647 150.72 
858.019 334.345 388.29 688.924 
721.329 237.895 536.125 519.239 
714.8 209.892 578.425 508.126 
841.851 317.564 416.395 665.548 
923.596 84.0184 849.156 710.377 
857.291 490.555 104.441 721.86 
952.812 167.464 674.276 736.387 
772.641 157.57 672.814 555.161 
669.451 400.279 418.896 412.14 
868.917 316.802 420.487 698.915 
696.103 179.427 621.073 485.77 
885.099 220.68 596.025 697.637 
626.103 99.3974 717.03 412.25 
737.037 462.466 179.905 574.935 
526.536 338.663 316.992 149.365 
859.501 61.8816 856.41 628.034 
908.423 172.503 687.476 714.495 
559.836 352.182 308.969 225.54 
554.177 576.543 837.726 544.441 
837.905 169.685 669.456 628.745 
948.931 761.838 427.737 426.675 
826.12 245.731 539.755 630.856 
784.353 276.103 483.34 589.165 
688.158 360.105 346.304 508.995 
827.437 229.832 567.576 628.916 
760.459 722.12 612.013 491.091 
757.602 275.325 482.451 562.051 
846.076 438.226 200.231 696.232 
831.433 170.434 668.573 620.656 
870.752 286.39 474.472 695.069 
775.642 227.354 563.754 572.722 
730.034 479.962 151.435 570.913 
892.161 132.164 754.442 683.846 
395.21 636.505 427.737 426.675 
519.473 370.01 270.821 147.641 
818.313 293.076 457.826 631.929 
892.432 127.093 762.47 683.235 
889.744 352.128 355.556 733.239 
855.377 479.783 125.223 716.385 
837.75 351.39 356.962 666.959 
848.729 486.954 113.432 710.031 
733.304 126.466 709.981 510.622 
395.482 614.072 427.737 426.675 
735.797 141.391 688.388 515.869 
667.66 179.109 614.933 460.739 
834.485 246.974 539.986 640.913 
709.698 198.556 595.6 502.791 
826.284 245.825 539.755 630.856 
874.044 66.7517 855.65 645.836 
815.359 213.363 592.546 611.849 
818.717 222.713 575.336 615.291 
829.828 190.772 633.109 623.726 
697.238 334.038 386.655 513.827 
452.493 154.734 110.404 458.35 
416.864 19.8321 347.014 326.333 
832.931 378.352 310.199 666.913 
396.473 462.607 427.737 426.675 
866.254 16.1237 933.114 624.541 
639.883 392.242 288.25 424.422 
555.113 344.007 318.678 212.036 
842.219 145.626 712.219 626.662 
645.81 425.114 263.28 491.329 
777.333 128.352 828.356 749.674 
525.293 346.696 305.06 150.893 
947.013 555.753 184.334 74.8919 
888.055 267.786 511.302 712.827 
664.732 293.048 373.62 448.015 
769.953 763.265 267.583 607.857 
446.906 438.988 107.247 461.092 
800.628 368.392 328.955 626.715 
848.809 15.0861 927.205 605.577 
842.181 368.622 326.453 675.998 
722.609 139.533 233.887 625.957 
396.57 521.08 427.737 426.675 
395.05 619.812 427.737 426.675 
638.21 645.984 548.865 575.106 
683.783 182.374 612.96 474.256 
937.424 99.003 830.134 733.386 
856.795 69.2788 843.779 626.319 
615.178 110.285 701.624 407.315 
680.407 308.613 424.036 493.712 
