0.598801
0.580162
0.458864
0.361156
0.552275
0.506262
0.452802
0.602573
0.664447
0.522018
0.684673
0.637839
0.616974
0.635249
0.452458
0.63429
0.631628
0.618816
0.690476
0.641759
0.557251
0.622269
0.557987
0.605653
0.507793
0.426554
0.644538
0.40494
0.633312
0.662954
0.678312
0.605873
0.685319
0.691685
0.688117
0.622136
0.560379
0.587595
0.653522
0.613816
0.567647
0.691176
0.68306
0.678203
0.448706
0.510931
0.592782
0.66732
0.554514
0.498871
0.693524
0.512434
0.637749
0.642178
0.439406
0.673514
0.65525
0.475852
0.663819
0.553772
0.603993
0.546694
0.699591
0.506251
0.496922
0.581586
0.634197
0.61421
0.687111
0.648612
0.692726
0.503949
0.63797
0.626469
0.679538
0.643608
0.601981
0.695482
0.662512
0.618131
0.671435
0.507173
0.59361
0.438358
0.459497
0.676814
0.596529
0.652267
0.670945
0.522526
0.651734
0.545509
0.443187
0.595089
0.489373
0.684559
0.651957
0.661816
0.694237
0.568523
0.667377
0.608256
0.650447
0.693144
0.51211
0.548824
0.645459
0.569322
0.522819
0.506223
0.609618
0.628172
0.511692
0.425352
0.677508
0.658888
0.60905
0.661729
0.651283
0.60272
0.532638
0.592373
0.586657
0.627056
0.516588
0.633162
0.522229
0.590983
0.567678
0.458554
0.665132
0.611745
0.420795
0.665087
0.621302
0.649621
0.592193
0.58886
0.462295
0.698864
0.469494
0.571999
0.582255
0.621237
0.696645
0.699406
0.686356
0.661886
0.539267
0.669563
0.612796
0.650362
0.630659
0.621167
0.670101
0.619317
0.528825
0.690421
0.552346
0.664741
0.693156
0.561117
0.695574
0.54613
0.642993
0.613478
0.647985
0.557457
0.670244
0.578586
0.455895
0.642678
0.60198
0.611823
0.612349
0.498106
0.628608
0.473513
0.482793
0.56501
0.401271
0.676842
0.684207
0.665588
0.637636
0.534183
0.560158
0.528119
0.492585
0.5762
0.637623
0.554719
0.589291
0.69623
0.67022
0.533591
0.659693
0.618333
0.51251
0.636024
0.409458
0.594134
0.656101
0.567655
0.578794
0.675045
0.576226
