0.626215
0.654349
0.604511
0.581798
0.567701
0.613669
0.594969
0.574501
0.49
0.460033
0.494035
0.604106
0.585054
0.681296
0.588644
0.603178
0.543907
0.597699
0.551991
0.56946
0.579105
0.698264
0.637343
0.59519
0.684679
0.528227
0.619431
0.543629
0.561625
0.62047
0.686849
0.555061
0.646167
0.613802
0.501175
0.456625
0.48208
0.542328
0.51713
0.551378
0.692196
0.528205
0.667252
0.659224
0.630667
0.675595
0.623293
0.591903
0.601184
0.695418
0.667824
0.544289
0.672463
0.540774
0.640509
0.440638
0.448805
0.594926
0.479648
0.650186
0.674855
0.620822
0.669699
0.562408
0.645464
0.686
0.695947
0.694407
0.697601
0.677085
0.67898
0.663786
0.684604
0.632068
0.533206
0.622096
0.64489
0.555109
0.548956
0.618842
0.686657
0.674526
0.660838
0.569396
0.66425
0.477545
0.503148
0.502054
0.649596
0.627919
0.680762
0.549531
0.576575
0.679114
0.661465
0.63489
0.532984
0.68718
0.57735
0.619519
0.319218
0.282708
0.601652
0.451422
0.542066
0.693445
0.554554
0.650274
0.46776
0.685198
0.640055
0.415638
0.667572
0.660372
0.672652
0.595323
0.661661
0.661585
0.653449
0.587887
0.431379
0.699064
0.58745
0.490789
0.594406
0.573401
0.63559
0.559256
0.689928
0.641795
0.642172
0.693671
0.679444
0.699841
0.504726
0.695891
0.61209
0.450577
0.667153
0.521263
0.56871
0.616267
0.575053
0.361961
0.676016
0.451872
0.65969
0.527293
0.482904
0.52268
0.694808
0.349789
0.681935
0.522194
0.432769
0.63291
0.368833
0.609212
0.511733
0.444351
0.676899
0.58113
0.314023
0.417199
0.439704
0.575802
0.587704
0.657354
0.652054
0.407413
0.462631
0.383554
0.61816
0.638047
0.644703
0.509159
0.552673
0.699765
0.52657
0.418253
0.60243
0.682532
0.477137
0.374958
0.556397
0.410184
0.693444
0.471457
0.689373
0.65835
0.469205
0.578246
0.445217
0.372367
0.652544
0.678918
0.662828
0.611009
0.526964
0.547373
0.614206
0.677705
0.6845
0.520643
0.647878
