205
753.145 367.786 712.535 353.577 
648.277 264.778 607.34 248.828 
753.145 367.786 712.535 353.577 
754.531 400.866 715.74 390.658 
633.05 374.2 599.259 367.785 
445.764 411.962 440.895 416.567 
215.258 389.982 120.923 407.686 
444.853 397.598 439.252 401.786 
215.604 374.337 120.856 393.489 
625.358 368.238 591.146 361.445 
217.65 416.95 123.755 432.121 
477.532 409.761 466.482 413.345 
648.277 264.778 607.34 248.828 
446.349 368.049 439.426 371.697 
613.621 180.154 571.904 161.424 
754.807 410.055 716.306 400.954 
537.791 269.774 722.194 227.604 
746.466 373.556 705.746 360.558 
649.132 209.157 508.924 208.823 
519.772 355.467 498.414 354.17 
479.425 374.035 466.316 375.918 
445.045 352.371 437.649 355.888 
632.963 383.192 599.667 377.416 
629.503 379.391 595.999 373.143 
618.339 280.465 581.365 268.27 
667.59 178.079 620.695 152.695 
625.358 368.238 591.146 361.445 
633.37 400.927 600.937 396.419 
451.485 333.794 443.487 336.848 
561.369 308.665 533.81 303.275 
745.29 383.953 592.721 399.29 
652.448 268.702 611.307 252.602 
578.302 383.041 554.414 380.194 
618.339 280.465 581.365 268.27 
477.304 392.806 465.434 395.321 
742.518 176.329 691.371 141.096 
710.139 193.906 661.129 164.585 
464.909 178.787 445.408 178.207 
488.433 275.753 470.048 274.978 
657.108 269.023 615.589 252.742 
657.108 269.023 615.589 252.742 
708.135 282.261 663.082 262.24 
682.871 307.814 644.008 293.033 
704.375 193.154 655.867 164.284 
729.291 287.903 684.569 266.861 
661.567 307.719 620.929 294.797 
735.723 367.389 695.52 354.957 
449.492 408.242 445.053 412.03 
449.854 394.766 444.611 398.357 
685.127 358.756 651.195 347.754 
562.5 353.398 640.915 341.156 
446.06 391.647 440.198 395.364 
218.319 299.519 119.86 324.754 
725.957 236.97 678.455 210.118 
445.727 336.823 437.757 340.031 
705.604 187.01 656.28 157.435 
448.116 355.078 440.938 358.545 
448.805 388.116 107.753 367.132 
651.464 288.119 611.466 273.653 
606.465 257.426 569.519 245.067 
511.954 194.996 485.381 189.439 
351.363 349.364 310.007 360.297 
559.52 363.773 638.739 353.233 
567.564 222.467 753.421 165.957 
234.461 285.15 134.365 310.696 
440.49 290.302 431.285 293.463 
550.062 196.375 517.511 186.726 
682.871 307.814 644.008 293.033 
440.507 397.216 122.453 8.08881 
367.771 269.364 341 280.202 
567.564 222.467 753.421 165.957 
746.031 413.922 707.028 406.92 
646.953 203.296 602.819 182.647 
610.308 257.697 573.12 244.614 
636.544 412.033 604.987 408.445 
737.739 164.826 686.083 128.727 
748.95 367.846 707.921 354.484 
442.077 254.503 431.068 257.059 
650.125 206.642 605.641 185.977 
654.732 197.546 609.9 174.555 
739.666 174.063 688.171 139.019 
753.837 373.147 713.749 359.252 
708.34 324.826 665.875 308.778 
291.685 288.575 377.176 413.851 
662.344 358.527 628.472 348.831 
477.091 333.619 463.672 335.315 
441.898 208.743 722.695 141.544 
539.047 216.525 508.924 208.823 
404.352 154.848 750.102 383.956 
752.074 183.984 700.689 148.001 
118.532 182.914 62.1944 226.339 
47.6683 333.392 27.345 363.654 
617.078 176.337 574.368 157.382 
511.541 189.206 484.463 184.242 
46.8121 329.439 25.9845 360.568 
654.732 197.546 609.9 174.555 
748.136 377.084 707.8 364.646 
571.927 170.967 534.34 157.621 
607.913 222.032 569.045 207.57 
656.615 452.454 675.398 452.772 
593.086 196.059 554.984 181.12 
260.373 340.154 173.054 358.91 
351.417 373.347 221.269 403.429 
609.959 381.207 580.277 376.275 
645.942 191.833 601.395 170.381 
568.876 179.9 532.722 167.148 
469.376 93.3368 719.519 10.807 
717.353 454.921 675.398 452.772 
675.471 351.728 640.915 341.156 
289.276 342.005 215.092 358.418 
677.076 170.171 628.843 143.055 
104.918 275.801 56.9562 309.952 
559.52 363.773 638.739 353.233 
441.082 370.402 435.556 374.461 
476.909 392.691 465.434 395.321 
581.503 227.694 746.223 146.056 
553.192 247.621 525.073 239.521 
550.48 359.574 628.472 348.831 
543.094 260.452 514.496 254.015 
702.223 399.499 219.484 408.862 
585.333 200.902 547.962 187.321 
651.498 311.994 612.342 300.146 
749.884 56.1489 696.035 21.1746 
591.552 273.197 557.413 263.31 
739.603 305.102 694.599 284.061 
511.045 185.132 483.803 179.534 
206.101 412.125 114.158 428.38 
273.009 331.81 191.456 350.451 
595.181 202.809 557.039 187.869 
679.474 215.403 753.421 165.957 
237.184 452.883 146.723 464.989 
30.0644 402.651 15.8792 424.284 
631.023 367.959 597.306 361.089 
485.285 210.851 655.867 164.284 
762.434 218.84 763.512 462.06 
544.292 202.162 512.726 192.931 
646.692 218.991 729.137 279.142 
729.997 412.879 693.846 404.9 
614.937 272.812 577.7 260.518 
226.312 406.749 131.123 421.912 
595.634 271.478 470.048 274.978 
586.411 385.152 545.308 382.989 
485.386 398.094 436.674 397.415 
743.682 365.08 702.647 350.707 
222.89 296.269 121.892 320.623 
419.689 172.381 406.075 176.538 
504.402 88.587 719.519 10.807 
690.075 354.849 655.026 343.921 
472.75 325.614 460.615 328.749 
617.689 301.13 581.703 290.899 
449.565 380.582 443.296 383.529 
538.661 445.901 521.047 448.307 
450.983 254.058 442.337 317.999 
366.908 329.319 291.488 333.943 
731.168 165.804 679.821 130.65 
576.719 116.838 755.667 31.3356 
39.8796 348.367 21.8802 376.56 
355.533 171.069 552.865 87.9894 
667.171 263.223 284.071 309.423 
444.959 358.228 437.846 361.866 
367.065 299.485 328.999 310.552 
295.799 416.1 228.89 428.072 
214.658 349.034 119.01 370.141 
638.577 409.105 607.064 405.413 
702.008 351.763 236.977 375.381 
576.059 447.371 553.509 448.705 
489.705 243.107 469.482 241.192 
300.452 394.223 383.109 243.008 
734.084 311.523 690.299 292.36 
393.884 376.155 604.852 354.023 
443.175 210.824 430.055 212.03 
555.375 125.14 519.012 111.603 
357.927 520.005 754.852 210.515 
473.706 304.874 459.949 303.385 
585.518 141.851 545.356 124.999 
730.227 304.826 686.445 285.322 
701.639 274.645 657.331 254.514 
367.462 282.376 341.357 292.988 
523.012 185.977 494.388 178.796 
445.94 403.445 440.662 407.579 
482.427 383.594 469.781 386.494 
473.582 218.116 456.05 214.292 
224.192 174.118 379.56 221.771 
267.495 237.098 187.866 261.447 
567.924 401.291 754.13 205.356 
629.872 414.197 598.058 411.105 
438.65 233.446 605.641 185.977 
494.838 268.052 556.836 178.39 
217.643 350.649 121.642 371.713 
233.993 316.38 132.448 338.555 
485.285 210.851 463.92 209.179 
486.678 294.836 469.55 294.628 
754.395 425.993 716.217 418.652 
740.154 388.548 701.352 384.136 
564.043 225.958 750.105 170.292 
568.136 511.372 333.744 193.056 
480.967 398.756 469.014 401.111 
333.097 345.066 281.901 358.086 
277.284 329.216 197.154 347.084 
337.964 451.024 609.251 435.331 
703.881 60.1015 718.339 51.1223 
595.513 214.931 662.235 178.987 
100.561 180.81 254.663 192.915 
441.971 330.846 508.365 255.238 
443.619 279.699 516.798 269.007 
