395
159.755 144.401 163.743 142.469 
159.755 144.401 163.743 142.469 
309.434 139.924 318.364 138.999 
38.65 398.886 36.957 408.742 
188.817 154.397 194.904 153.45 
234.169 168.421 241.313 168.194 
234.169 168.421 241.313 168.194 
286.126 155.53 293.99 155.104 
279.182 360.296 288.358 367.111 
220.434 195.871 227.439 195.972 
256.408 206.563 264.034 207.031 
85.1529 182.475 85.1222 182.254 
220.434 195.871 227.439 195.972 
259.081 317.967 267.026 321.904 
220.482 167.918 227.472 167.417 
220.482 167.918 227.472 167.417 
314.312 319.351 325.121 324.134 
310.611 131.241 319.557 130.287 
258.446 281.501 266.277 283.532 
233.895 163.606 241.155 163.185 
221.697 124.352 229.154 122.889 
299.824 194.511 308.213 194.606 
218.712 160.401 225.629 159.809 
309.434 139.924 318.364 138.999 
298.114 187.851 306.348 187.898 
199.45 150.667 205.853 149.598 
199.372 119.17 205.913 117.024 
292.316 195.48 300.55 195.701 
191.979 159.04 197.993 158.295 
332.217 82.3489 343.79 78.4003 
307.053 259.41 315.749 260.802 
245.959 397.201 253.933 407.133 
106.498 252.11 107.5 255.697 
269.555 293.542 277.826 296.084 
281.087 202.027 289.203 202.301 
331.88 164.031 342.134 163.508 
83.0313 281.731 83.6239 285.833 
222.69 172.815 229.946 172.411 
165.554 61.6018 170.114 56.0207 
301.612 135.854 310.3 134.877 
247.32 131.394 255.02 130.322 
210.636 151.144 217.308 150.171 
181.912 76.7569 187.924 72.7141 
248.389 211.068 255.955 211.381 
381.658 126.481 396.954 123.349 
337.594 164.113 348.04 163.486 
248.204 457.082 256.304 473.219 
199.184 125.811 205.638 124.057 
384.984 121.878 400.567 118.574 
143.287 40.1572 145.973 32.2395 
151.295 53.2681 154.812 46.3676 
155.817 405.364 159.635 416.031 
139.491 41.4278 142.025 33.3664 
170.615 67.5202 175.547 62.4576 
289.434 358.012 298.905 364.497 
109.196 135.219 110.599 132.489 
331.244 207.743 341.531 208.379 
237.499 143.448 244.925 142.789 
230.004 167.272 237.199 167.051 
288.084 204.652 296.247 205.17 
152.495 113.503 156.052 109.597 
346.319 91.8249 358.699 88.0853 
274.874 293.818 283.196 296.431 
195.468 150.931 201.795 149.837 
379.213 124.313 394.654 120.949 
146.649 42.5027 149.631 34.8509 
217.383 73.5792 224.442 69.0173 
335.298 110.587 346.455 107.899 
177.868 79.3053 183.354 74.9811 
158.052 72.3447 162.489 67.4683 
169.819 101.572 173.461 94.4857 
318.589 171.787 327.927 172.036 
334.863 161.211 345.104 160.576 
384.433 58.6946 401.683 50.8454 
338.445 152.961 348.763 152.141 
196.166 157.004 202.343 156.148 
359.11 211.425 371.279 212.281 
202.259 109.779 208.861 107.414 
300.534 347.683 310.105 353.579 
406.843 470.386 425.448 489.385 
162.323 57.5751 166.835 51.9338 
244.776 357.736 252.595 364.078 
70.4932 230.771 69.9299 232.924 
331.666 211.606 341.922 212.336 
386.169 408.589 401.487 420.437 
134.259 23.9735 136.081 14.6094 
214.959 196.458 222.073 196.762 
301.612 135.854 310.3 134.877 
134.259 23.9735 136.081 14.6094 
206.973 126.626 213.759 124.974 
323.202 118.564 333.611 115.912 
405.018 89.4188 423.643 83.3707 
146.366 116.103 149.635 112.767 
311.131 214.717 319.662 215.129 
128.472 30.1111 129.733 20.5145 
191.979 159.04 197.993 158.295 
359.896 123.666 372.595 121.131 
179.024 121.114 184.675 118.859 
160.087 436.934 163.413 450.63 
229.992 186.081 237.035 186.335 
73.272 197.331 72.7783 197.912 
328.38 139.773 337.585 139.211 
220.971 234.884 228.094 235.857 
220.779 72.0515 227.978 67.4467 
146.649 42.5027 149.631 34.8509 
300.885 223.4 309.302 224.084 
291.707 329.192 300.88 333.288 
379.07 130.549 394.312 127.519 
287.269 282.092 295.745 284.281 
340.116 95.0898 352.327 91.3903 
255.772 176.844 263.349 176.828 
83.0663 228.622 82.7583 230.688 
229.74 142.053 237.116 141.444 
282.916 199.659 290.862 200.032 
261.846 211.839 269.578 212.328 
129.626 25.1956 130.886 15.4798 
202.259 109.779 208.861 107.414 
388.716 155.73 405.541 154.159 
67.8231 235.411 67.1645 237.879 
271.665 261.889 279.577 262.684 
301.684 387.662 311.955 396.691 
320.615 137.411 330.075 136.316 
370.471 129.608 384.14 127.167 
230.946 200.55 238.175 200.879 
291.707 329.192 300.88 333.288 
79.5974 235.962 79.3316 238.393 
331.244 207.743 341.531 208.379 
249.775 329.024 257.607 333.351 
332.421 170.377 342.714 170.106 
292.09 340.166 301.493 345.807 
285.357 152.551 293.634 152.057 
159.102 143.485 163.743 142.469 
331.681 136.229 342.19 134.726 
118.705 285.678 120.425 290.343 
266.315 176.885 274.197 176.772 
297.624 338.579 307.086 344.055 
294.377 445.377 305.035 460.827 
336.253 99.7954 347.559 96.0406 
285.904 340.372 295.023 345.894 
249.775 329.024 257.607 333.351 
388.898 49.4382 406.121 41.3001 
180.517 431.561 185.168 444.592 
146.362 121.54 149.388 118.227 
216.257 123.025 223.559 121.526 
74.4284 228.949 73.9299 230.958 
208.723 167.696 215.449 167.112 
65.3774 179.502 64.3167 179.015 
86.0274 234.036 86.025 236.366 
303.452 383.924 314.294 392.884 
295.881 408.173 305.756 419.289 
233.957 372.532 241.249 380.09 
249.462 444.66 258.064 459.357 
247.724 456.602 256.304 473.219 
269.823 221.36 277.573 222.071 
286.147 149.518 293.94 148.838 
159.102 143.485 163.743 142.469 
133.005 32.0292 134.53 22.5422 
314.976 164.482 323.969 164.306 
330.983 304.074 340.831 307.285 
198.57 113.986 204.927 111.465 
303.581 458.95 314.892 475.969 
133.376 28.4951 134.9 19.0261 
347.173 133.874 358.692 132.124 
268.438 225.238 276.35 226.147 
348.34 179.046 359.653 178.88 
350.013 51.0318 367.734 45.2427 
149.276 194.232 152.572 194.637 
382.266 141.105 397.56 138.331 
202.444 127.733 209.078 126.141 
74.697 246.271 74.6717 248.372 
208.155 426.471 213.988 439.274 
153.036 112.82 156.779 108.532 
375.084 178.419 388.966 178.393 
299.259 437.358 310.284 451.808 
332.446 126.76 343.394 124.818 
385.689 138.677 401.217 136.182 
21.348 473.231 15.9065 489.989 
258.081 335.318 266.266 340.252 
13.3545 182.916 10.3804 182.658 
192.142 162.968 198.278 162.216 
168.579 72.7192 173.47 67.5816 
342.604 159.165 353.655 158.614 
291.443 349.484 300.861 355.503 
268.967 53.1825 278.065 46.8513 
251.552 397.337 260.186 407.086 
309.946 117.464 319.049 115.856 
294.055 228.307 302.161 228.93 
289.582 223.534 297.813 224.109 
396.705 131.725 413.342 128.785 
382.193 141.26 397.56 138.331 
387.149 420.998 402.619 433.714 
422.164 38.9129 444.531 27.4291 
409.292 69.1611 417.975 72.0468 
275.017 425.574 285.062 438.494 
218.186 432.028 224.205 445.538 
388.667 143.662 404.402 141.433 
178.908 156.941 184.636 155.987 
334.936 390.861 345.349 398.07 
366.125 132.332 379.615 129.881 
335.045 236.231 345.004 237.499 
286.915 445.111 297.555 460.689 
143.425 414.458 146.757 425.505 
139.771 408.826 142.429 420.049 
124.574 18.3873 125.449 7.98114 
336.895 140.428 347.633 138.993 
303.953 406.671 315.384 417.572 
291.443 349.484 300.861 355.503 
37.6165 413.312 35.8514 423.675 
271.495 257.394 279.496 259.128 
269.823 221.36 277.573 222.071 
296.601 442.628 307.599 457.709 
88.9815 414.938 89.2668 425.767 
200.994 104.34 207.46 101.731 
157.819 42.3058 161.068 34.9741 
207.989 47.9022 214.484 41.432 
334.863 161.211 345.104 160.576 
384.535 118.53 400.284 114.971 
204.04 220.962 210.514 221.533 
210.636 151.144 217.308 150.171 
293.02 191.277 301.311 191.48 
435.997 222.976 459.056 224.939 
312.259 114.281 320.619 112.352 
67.8231 235.411 67.1645 237.879 
213.359 128.574 220.346 126.901 
289.855 362.857 299.581 369.967 
234.058 163.916 241.155 163.185 
371.269 135.57 384.655 133.425 
89.6518 231.82 89.9418 233.973 
13.9806 177.89 10.9743 177.79 
59.443 185.727 58.3696 185.959 
442.672 322.105 467.051 333.15 
159.538 432.332 162.891 445.526 
347.87 206.937 359.084 207.642 
378.593 415.603 393.39 427.686 
337.86 326.645 348.38 331.214 
193.926 95.5884 200.181 92.584 
294.145 386.943 304.576 395.951 
252.401 406.961 260.818 417.473 
345.885 99.5525 358.331 95.4853 
295.881 408.173 305.756 419.289 
401.128 73.2908 419.927 65.8908 
287.855 360.578 297.186 367.402 
383.12 257.104 398.575 261.139 
235.294 252.712 242.599 254.016 
242.724 242.235 249.924 243.026 
62.5245 217.938 61.9689 218.321 
223.643 166.701 230.704 166.514 
326.36 211.933 336.418 212.802 
170.615 67.5202 175.547 62.4576 
120.958 396.55 123.047 404.949 
146.58 83.6304 149.87 78.5057 
309.031 220.668 317.761 221.263 
126.21 111.133 126.404 105.751 
249.036 371.359 257.039 379.305 
78.4326 414.563 78.6679 425.263 
158.195 391.68 162.322 400.628 
82.5654 174.113 82.9286 173.71 
170.969 71.8671 176.067 67.1039 
265.701 31.6241 275.113 23.0204 
292.09 340.166 301.493 345.807 
337.288 212.305 347.643 213.145 
309.946 117.464 319.049 115.856 
375.482 403.072 389.892 413.881 
442.672 322.105 467.051 333.15 
342.113 128.853 353.632 126.624 
208.638 198.746 215.539 199.121 
133.672 46.0894 135.278 37.5824 
242.764 354.202 250.372 360.306 
320.354 137.175 330.075 136.316 
124.574 18.3873 125.449 7.98114 
441.69 41.3539 468.772 28.0941 
460.716 77.7494 489.199 67.8251 
177.654 204.251 183.359 204.658 
377.622 377.223 392.434 387.199 
353.809 111.583 366.398 108.231 
213.677 160.533 220.794 159.927 
362.258 377.375 375.155 386.283 
207.23 426.694 213.988 439.274 
213.359 128.574 220.346 126.901 
155.822 188.71 159.454 188.85 
414.859 51.9009 435.744 42.0721 
312.259 114.281 320.619 112.352 
282.05 334.867 291.388 340.014 
255.772 176.844 263.349 176.828 
342.113 128.853 353.632 126.624 
209.148 141.568 216.141 140.611 
281.338 204.163 289.361 204.512 
301.984 440.476 313.482 455.074 
251.213 356.883 259.07 363.58 
383.334 136.374 398.468 134.038 
21.453 183.031 18.6712 182.624 
150.833 183.033 154.124 183.599 
57.1369 179.473 55.9535 179.142 
233.54 418.785 240.989 430.386 
240.41 262.813 247.687 264.226 
154.261 103.292 158.373 99.5491 
237.86 355.913 245.814 362.462 
430.609 162.618 453.202 161.415 
376.647 172.839 390.865 172.424 
135.989 290.681 138.272 295.633 
236.639 444.481 244.335 459.125 
171.327 162.859 177.025 162.097 
412.955 68.0181 434.302 59.1232 
433.403 48.7067 459.353 36.165 
162.658 61.3139 167.081 55.5585 
255.772 176.844 263.349 176.828 
152.856 33.9847 157.18 27.5471 
153.522 176.927 157.391 176.456 
412.955 68.0181 434.302 59.1232 
194.091 90.5765 200.947 87.4126 
210.107 209.58 217.016 210.119 
159.181 384.828 163.399 392.874 
386.594 90.4242 403.24 84.9828 
194.966 150.146 201.795 149.837 
431.635 66.8241 456.588 56.4232 
242.81 340.078 250.472 345.581 
208.021 423.375 213.814 435.361 
416.691 65.0733 438.886 55.5001 
386.594 90.4242 403.24 84.9828 
392.787 289.945 397.92 273.211 
270.101 240.391 278.057 241.35 
422.579 58.8226 446.011 48.1098 
143.618 65.0137 146.535 58.6678 
296.836 352.147 306.493 358.368 
352.433 349.529 364.19 355.819 
228.666 176.061 235.783 175.848 
382.539 93.804 398.969 88.4272 
237.003 366.106 244.812 373.383 
455.339 76.0557 483.416 66.0791 
366.455 398.913 376.112 408.433 
233.378 155.645 240.65 155.253 
291.562 173.991 298.549 173.697 
340.646 324.89 351.161 329.143 
153.129 97.7646 156.637 93.2096 
257.05 360.371 265.389 367.152 
210.693 130.288 217.654 129.2 
400.423 76.9382 419.658 69.5323 
368.598 380.279 382.034 389.098 
286.469 328.288 295.598 332.553 
435.997 222.976 459.056 224.939 
465.377 360.158 494.219 375.932 
430.609 162.618 453.202 161.415 
442.003 157.174 466.684 154.912 
157.911 222.25 162.859 223.71 
176.3 86.1585 181.603 82.003 
239.482 355.146 246.938 361.652 
376.777 399.911 391.201 410.635 
430.433 51.276 455.48 39.4585 
432.895 44.6078 458.866 31.4318 
385.306 416.116 400.722 428.658 
229.897 455.446 236.712 471.426 
304.874 447.401 317.164 462.106 
239.86 456.462 248.382 472.136 
430.964 162.957 453.202 161.415 
297.029 456.575 308.333 472.977 
154.17 46.9396 157.934 40.1785 
313.951 424.286 325.544 437.306 
382.266 141.105 397.56 138.331 
435.914 21.4797 448.696 21.7606 
311.441 423.542 322.89 436.399 
255.772 176.844 263.349 176.828 
206.583 305.579 213.099 308.796 
58.8805 255.862 58.1812 258.962 
365.294 373.158 378.215 381.195 
316.712 238.634 326.144 239.362 
395.585 84.3641 413.615 77.7836 
379.936 405.467 394.798 416.959 
347.844 349.005 358.658 354.925 
319.928 130.376 329.369 129.691 
384.421 261.051 399.92 265.111 
243.834 332.127 250.717 337.423 
382.193 141.26 397.56 138.331 
274.208 340.983 246.79 492.645 
334.883 215.1 345.9 215.683 
57.3735 233.568 56.2343 235.851 
379.936 405.467 394.798 416.959 
255.119 362.496 263.089 369.801 
300.981 413.53 311.618 424.663 
251.721 321.258 300.861 355.503 
229.174 448.009 64.3167 179.015 
58.8805 255.862 58.1812 258.962 
157.344 319.983 161.276 323.668 
257.634 308.446 266.11 311.127 
204.191 309.747 210.639 312.934 
112.468 12.9896 129.733 20.5145 
312.591 413.906 324.178 425.49 
239.019 474.268 246.79 492.645 
207.057 135.733 212.969 135.614 
239.605 369.025 247.134 376.769 
472.249 70.9793 489.199 67.8251 
168.094 440.121 171.788 454.334 
255.772 176.844 263.349 176.828 
152.831 218.286 156.95 219.004 
387.371 86.1926 419.927 65.8908 
137.829 380.793 139.463 342.149 
