0.228253
0.173822
0.330695
0.223108
0.255411
0.138135
0.354503
0.180978
0.149963
0.279566
0.164927
0.446304
0.409077
0.122741
0.447245
0.440354
0.14066
0.314685
0.405082
0.413627
0.329102
0.247573
0.306099
0.49304
0.153589
0.69515
0.510331
0.421852
0.442245
0.458506
0.300832
0.489934
0.303774
0.153261
0.283142
0.148932
0.236957
0.375387
0.340409
0.194352
0.492989
0.26211
0.385837
0.259759
0.221639
0.15751
0.0812227
0.402723
0.400088
0.184646
0.5486
0.692183
0.41195
0.374998
0.387225
0.295997
0.369421
0.289467
0.177712
0.197514
0.381062
0.417013
0.186735
0.251982
0.180988
0.616603
0.290779
0.193501
0.309029
0.392905
0.401337
0.659587
0.339406
0.297048
0.300006
0.20844
0.449554
0.347365
0.513405
0.384732
0.677924
0.322903
0.358643
0.325635
0.249655
0.513808
0.337496
0.666806
0.323877
0.275476
0.435876
0.548504
0.538019
0.297095
0.383648
0.635296
0.522484
0.243207
0.665081
0.266524
0.353349
0.189373
0.51723
0.537857
0.406836
0.515136
0.248824
0.138248
0.153198
0.315826
0.579143
0.276533
0.160602
0.190587
0.227862
0.108662
0.210781
0.137411
0.211596
0.137092
0.291173
0.368668
0.181227
0.29337
0.205698
0.24284
0.236643
0.540526
0.185181
0.103456
0.204811
0.174308
0.112588
0.156106
0.282916
0.246679
0.121369
0.312667
0.144822
0.0910663
0.0914663
0.485746
0.454322
0.413067
0.208345
0.295257
0.389808
0.236211
0.0868305
0.0881451
0.185428
0.167011
0.312994
0.332218
0.611662
0.283721
0.216509
0.180491
0.59995
0.119409
0.660981
0.643534
0.502972
0.431683
0.610706
0.141132
0.504835
0.628454
0.292242
0.699966
0.117337
0.167423
0.271508
0.63109
0.265484
0.392144
0.255125
0.240687
0.686747
0.208687
0.524782
0.163758
0.670399
0.1405
0.370457
0.15383
0.463347
0.414504
0.183243
0.363993
0.145817
0.127542
0.596978
0.124352
0.376263
0.25502
0.608872
0.148675
0.26015
0.158105
0.364556
0.395575
0.505126
0.0982163
0.133761
0.216184
0.177199
0.111647
0.31651
0.18507
0.293403
0.198743
0.572927
0.561539
0.636691
0.272064
0.147444
0.225973
0.603924
0.209329
0.592148
0.453677
0.462308
0.365191
0.217241
0.193917
0.23905
0.524286
0.220697
0.171598
0.168384
0.20973
0.156717
0.681599
0.180667
0.356807
0.239203
0.252429
0.422255
0.50516
0.524747
0.29282
0.223445
0.235018
0.246023
0.386998
0.169814
0.297284
0.694302
0.214034
0.445694
0.309138
0.193846
0.0978528
0.182734
0.631334
0.487039
0.393643
0.56412
0.499265
0.41815
0.303028
0.30354
0.305683
0.218441
0.265876
0.299753
0.368361
0.176912
0.219788
0.263179
0.136852
0.345668
0.334004
0.251129
0.172074
0.230633
0.671303
0.266737
0.0779162
0.100718
0.0797975
0.100165
0.327432
0.240082
0.10271
0.120032
0.358305
0.145218
0.159419
0.505374
0.234744
0.27084
0.248187
0.490455
0.0820083
0.308491
0.619392
0.586669
0.519893
0.274372
0.209095
0.39334
0.122963
0.1704
0.351418
0.204851
0.222382
0.143366
0.476626
0.122672
0.0869962
0.127449
0.173414
0.55165
0.0908104
0.202697
0.209354
0.197672
0.181135
0.332035
0.204207
0.165839
0.219617
0.228175
0.412706
0.172989
0.174972
0.241389
0.19398
0.062326
0.0620357
0.214053
0.0873467
0.342458
0.251453
0.166223
0.374825
0.245626
0.162574
0.116401
0.147072
0.0809734
0.0798322
0.203213
0.15496
0.141762
0.201645
0.312376
0.310852
0.0788965
0.266854
0.426038
0.126771
0.172773
0.172161
0.0947127
0.124775
0.286229
0.247591
0.472816
0.402617
0.523699
0.27805
0.318618
0.179692
0.0988697
0.289713
0.503496
0.25876
0.541227
0.153978
0.0982326
0.23773
0.117622
0.092707
0.210594
0.37082
0.290006
0.141474
0.262253
0.117162
0.121912
0.206697
0.315345
0.138799
0.258227
0.176047
0.260857
0.235352
0.19225
0.257675
0.444057
0.274341
0.221342
