46
425.125 27.7136 408.982 159.378 
228.049 72.5431 535.52 458.808 
342.496 129.16 136.93 582.554 
75.4286 163.701 302.189 612.991 
401.393 258.18 536.681 559.984 
347.522 259.976 653.145 327.846 
281.504 315.586 475.044 76.051 
77.4708 391.003 41.5222 295.231 
273.155 403.876 114.601 445.732 
141.009 421.331 41.5222 295.231 
575.084 448.5 463.109 351.311 
99.0244 449.478 725.48 17.357 
526.691 478.066 247.028 292.351 
655.639 521.107 44.6253 591.44 
663.027 528.084 358.228 295.223 
564.903 593.122 571.037 399.077 
564.473 597.39 373.398 406.881 
518.35 599.587 375.613 524.434 
574.43 614.032 221.635 580.121 
56.2035 65.5977 146.22 531.171 
165.479 111.981 314.327 318.712 
276.403 334.167 183.139 131.233 
789.631 429.495 142.102 135.118 
719.324 474.904 393.008 3.45353 
590.037 518.637 354.17 300.15 
426.005 571.831 252.132 182.534 
529.034 615.077 198.244 450.869 
134.582 140.017 79.3717 412.407 
3.7651 357.283 654.99 8.62539 
158.408 370.662 778.042 331.782 
204.478 435.959 56.6329 191.24 
64.1802 517.715 365.478 288.526 
437.989 583.07 354.17 300.15 
67.9783 606.043 286.503 218.018 
527.694 615.022 198.244 450.869 
94.0415 273.841 463.109 351.311 
230.19 316.446 519.666 256.295 
158.965 370.386 778.042 331.782 
71.6718 440.635 191.567 532.57 
481.217 599.332 24.1352 224.045 
515.396 319.525 653.145 327.846 
290.285 377.303 60.159 505.631 
50.1765 503.443 44.6253 591.44 
85.8998 617.628 594.998 434.113 
674.094 163.015 701.396 51.2518 
211.286 97.0525 324.057 395.71 
