0.654637
0.383969
0.260983
0.549087
0.463184
0.629273
0.678521
0.267723
0.386933
0.520158
0.433396
0.681194
0.36923
0.637208
0.666341
0.348334
0.479048
0.422356
0.497477
0.440695
0.367663
0.295565
0.456966
0.282526
0.635022
0.365999
0.624913
0.519599
0.352087
0.345625
0.275399
0.34387
0.681144
0.302695
0.442855
0.684748
0.669554
0.534974
0.179244
0.443902
0.434499
0.378536
0.436485
0.228708
0.290453
0.225881
0.577823
0.679243
0.570486
0.331433
0.629891
0.688426
0.639639
0.608896
0.385545
0.696509
0.225255
0.618857
0.316695
0.385362
0.333868
0.660254
0.467498
0.363449
0.352494
0.325799
0.53607
0.327681
0.301408
0.291315
0.2821
0.390526
0.330303
0.213747
0.217683
0.393563
0.306514
0.395305
0.382388
0.412999
0.3813
0.254842
0.694051
0.593428
0.224541
0.405759
0.394199
0.486616
0.616842
0.480247
0.258988
0.317315
0.412833
0.47184
0.624001
0.678627
0.667934
0.698298
0.640729
0.536877
0.291736
0.622125
0.654543
0.392498
0.322396
0.466256
0.416614
0.179219
0.575555
0.556057
0.435789
0.472618
0.429775
0.309494
0.226999
0.667795
0.581524
0.213063
0.335448
0.255899
0.37305
0.449714
0.277062
0.273777
0.331603
0.278911
0.403451
0.502351
0.240332
0.602199
0.214218
0.487173
0.451123
0.273063
0.366434
0.131312
0.654876
0.686274
0.397464
0.481142
0.651467
0.58872
0.567959
0.618577
0.606837
0.637516
0.552661
0.562317
0.531716
0.659332
0.310465
0.334042
0.590186
0.375218
0.357334
0.46431
0.532185
0.652896
0.439963
0.408986
0.248406
0.21473
0.604962
0.335288
0.261464
0.348677
0.22434
0.532978
0.484186
0.371322
0.309835
0.327928
0.640577
0.652889
0.264215
0.696284
0.625985
0.357062
0.507885
0.286332
0.567767
0.315834
0.334143
0.276152
0.501028
0.574698
0.522672
0.625786
0.275805
0.303363
0.393478
0.415462
0.282628
0.153171
0.185609
0.17002
0.371649
0.300315
0.29061
0.400337
0.340058
0.632327
0.690069
0.64317
0.272202
0.573135
0.692366
0.293097
0.398034
0.464458
0.447959
0.427726
0.265011
0.116988
0.133603
0.311
0.26348
0.367088
0.353954
0.0781697
0.406535
0.637855
0.618209
0.615966
0.318099
0.38924
0.23067
0.113896
0.150573
0.591657
0.522611
0.25369
0.673802
0.554937
0.277231
0.683276
0.671177
0.346803
0.697039
0.127547
0.121621
0.618922
0.666051
0.324654
0.66983
0.232408
0.148961
0.45272
0.36306
0.281784
0.244251
0.365466
0.205687
0.157332
0.682975
0.475059
0.305327
0.250672
0.445753
0.442446
0.323385
0.467913
0.601906
0.608075
0.43882
0.584243
0.633072
0.253524
0.291308
0.68862
0.666449
0.455094
0.37152
0.689418
0.320728
0.465055
0.408052
0.629547
0.421504
0.452445
0.696198
0.486231
0.351214
0.530088
0.603296
