141
229.266 198.613 378.291 122.388 
147.007 268.382 106.41 202.414 
147.007 268.382 106.41 202.414 
149.531 269.501 110.098 204.153 
314.772 349.834 379.739 347.497 
87.4953 363.135 82.8504 301.129 
278.475 432.875 303.011 390.963 
230.624 434.304 252.583 383.58 
638.601 438.571 16.7619 468.875 
515.59 455.861 52.6175 229.551 
113.575 472.581 110.497 388.268 
473.232 168.637 426.598 228.66 
750.675 246.565 525.773 206.258 
148.196 246.727 325.555 523.595 
484.305 283.003 649.047 460.78 
389.038 319.104 82.7984 268.609 
630.194 335.296 515.875 365.847 
345.889 352.911 367.807 351.899 
115.473 356.852 108.047 297.714 
231.743 413.148 255.285 370.353 
413.944 425.648 419.299 405.792 
631.632 441.863 179.949 174.193 
486.359 446.221 654.39 316.574 
117.112 453.989 113.618 376.532 
168.129 477.457 181.989 403.438 
583.827 508.86 523.081 461.413 
495.893 196.493 464.554 249.264 
621.984 200.822 5.80203 356.713 
127.301 339.891 116.515 332.015 
136.028 353.434 122.724 292.878 
139.619 358.127 125.801 296.562 
139.619 358.127 125.801 296.562 
644.381 415.822 563.018 423.831 
113.627 417.95 108.991 347.977 
263.968 437.294 289.456 392.123 
274.528 437.249 300.312 393.517 
132.549 440.348 123.71 364.221 
130.604 454.227 122.516 375.141 
348.576 462.595 366.851 420.046 
116.891 475.49 122.516 375.141 
177.601 479.295 192.656 406.192 
468.112 481.42 649.047 460.78 
468.112 481.42 649.047 460.78 
446.603 483.439 439.587 441.127 
171.46 485.645 185.236 410.125 
433.094 507.089 429.953 453.534 
467.25 74.9909 11.6232 445.117 
134.161 400.098 122.902 331.733 
705.861 403.007 594.961 422.953 
629.024 407.503 555.407 419.048 
625.772 412.788 553.605 421.533 
566.187 414.631 519.384 415.841 
645.134 416.105 563.018 423.831 
504.743 416.476 482.28 411.245 
502.214 421.852 481.146 414.72 
502.214 421.852 481.146 414.72 
490.022 422.573 473.185 413.623 
121.138 425.56 114.803 353.573 
730.836 431.59 604.307 437.466 
368.157 433.486 384.446 405.063 
289.75 436.319 309.654 394.736 
525.723 435.506 493.933 423.493 
278.173 442.007 302.879 397.389 
731.922 442.189 603.926 442.498 
628.689 443.04 553.316 436.459 
503.971 452.944 480.863 431.114 
412.86 453.951 418.901 422.931 
693.709 468.092 582.108 449.272 
496.181 500.914 473.087 455.296 
501.066 504.505 496.989 450.611 
544.985 507.997 501.309 460.31 
582.95 508.003 523.081 461.413 
422.442 70.0188 334.779 127.207 
503.9 85.0332 474.68 163.993 
174.384 119.084 749.266 185.013 
395.939 385.277 407.03 380.378 
409.207 388.657 417.715 384.577 
211.698 454.452 231.166 394.043 
471.586 454.664 458.888 429.331 
623.901 456.598 549.582 441.731 
676.802 511.448 572.653 469.394 
486.364 266.865 457.08 297.215 
755.721 350.993 622.744 404.137 
603.515 409.216 540.943 416.541 
407.101 428.87 415.69 408.495 
407.924 459.876 415.333 427.075 
492.79 463.759 472.769 436.72 
631.861 463.218 553.751 446.45 
631.861 463.218 553.751 446.45 
333.363 494.382 352.641 437.372 
478.929 205.883 455.659 257.218 
390.478 210.214 408.383 267.452 
122.54 256.472 132.088 166.065 
750.401 328.374 621.31 390.955 
422.069 357.22 567.082 377.841 
752.491 372.55 618.533 412.798 
752.491 372.55 618.533 412.798 
446.675 415.763 511.678 411 
422.192 449.681 424.88 420.801 
615.61 464.449 544.929 444.922 
290.078 480.342 313.462 423.874 
470.518 488.408 456.586 445.77 
535.715 489.726 496.989 450.611 
535.715 489.726 496.989 450.611 
626.584 495.437 496.989 450.611 
626.584 495.437 496.989 450.611 
638.984 326.114 491.03 372.155 
395.961 346.825 408.009 356.934 
401.926 364.037 412.161 368.647 
740.845 381.988 612.863 415.716 
764.682 382.095 624.369 417.974 
661.175 427.414 570.729 431.391 
661.175 427.414 570.729 431.391 
386.942 456.431 399.43 419.837 
446.55 477.875 438.379 436.725 
384.548 478.356 395.649 434.988 
709.917 510.553 588.652 471.625 
759.528 515.274 611.36 476.414 
126.387 350.61 115.249 291.065 
691.382 395.779 587.945 418.348 
551.912 407.466 511.678 411 
511.56 433.369 486.312 421.904 
682.542 477.959 576.95 453.922 
632.255 182.958 648.291 156.732 
450.533 433.412 512.653 424.559 
518.755 502.354 486.634 456.482 
607.388 502.568 537.945 462.038 
690.816 503.293 580.203 466.649 
322.503 104.401 786.898 189.432 
583.287 415.831 529.453 419.613 
583.287 415.831 529.453 419.613 
529.897 421.246 497.452 414.882 
558.436 432.603 512.653 424.559 
558.436 432.603 512.653 424.559 
649.561 499.172 560.023 463.792 
608.849 343.234 548.087 383.048 
719.34 496.111 593.682 463.813 
364.484 412.822 387.069 396.089 
364.484 412.822 387.069 396.089 
422.938 325.067 423.774 346.576 
454.626 386.178 448.493 386.128 
