0.639428
0.460348
0.351183
0.380017
0.615034
0.694019
0.629635
0.671907
0.696232
0.671643
0.641811
0.658903
0.602615
0.6745
0.679026
0.600518
0.630085
0.608723
0.350871
0.631051
0.627815
0.697646
0.647757
0.507005
0.647554
0.524492
0.675354
0.682812
0.430446
0.529194
0.415673
0.515853
0.517308
0.358172
0.667576
0.608484
0.420272
0.420726
0.631948
0.621272
0.585334
0.656754
0.639345
0.466759
0.665455
0.460192
0.674325
0.486675
0.506
0.61323
0.477242
0.596455
0.502534
0.607492
0.666972
0.469021
0.640931
0.555318
0.419302
0.621939
0.646278
0.603283
0.691354
0.52777
0.403478
0.5326
0.344403
0.591566
0.611637
0.695982
0.422267
0.689041
0.656049
0.649605
0.696814
0.69306
0.6726
0.470094
0.645685
0.588122
0.577228
0.630038
0.698011
0.619
0.360748
0.382225
0.566103
0.324982
0.241588
0.657031
0.575102
0.638263
0.658138
0.355388
0.619433
0.406527
0.395136
0.605115
0.430216
0.371649
0.653871
0.457741
0.350905
0.473307
0.483315
0.453364
0.569281
0.583041
0.604526
0.58562
0.459834
0.334851
0.348591
0.610831
0.598314
0.618963
0.610136
0.400248
0.608345
0.310058
0.659547
0.670447
0.499798
0.654656
0.63183
0.454889
0.5324
0.566831
0.696316
0.602835
0.682356
0.580229
0.452624
0.557949
0.672566
0.653918
0.675476
0.362612
0.423353
0.455926
0.66922
