0.6803
0.635811
0.577338
0.699811
0.65708
0.671655
0.593711
0.564738
0.649707
0.695107
0.603556
0.679001
0.681605
0.680781
0.696149
0.619276
0.578997
0.673876
0.695448
0.675891
0.693547
0.678319
0.659842
0.667307
0.674883
0.679803
0.642856
0.564124
0.698272
0.692516
0.689533
0.687685
0.6721
0.59951
0.641017
0.662751
0.65186
0.665703
0.604319
0.627627
0.605408
0.690666
0.681015
0.659632
0.665705
0.620307
0.68322
0.644222
0.627474
0.696979
0.622215
0.631333
0.676499
0.687871
0.566316
0.692007
0.650514
0.48322
0.688762
0.663656
0.684129
0.678692
0.651654
0.589542
0.530245
0.381644
0.68325
0.628857
0.677821
0.65927
0.661266
0.653765
0.694073
0.410921
0.629965
0.639446
0.666411
0.694653
0.53595
0.699271
0.68053
0.602885
0.584712
0.665127
0.690283
0.469623
0.605934
0.636707
0.683605
0.629174
0.692562
0.577176
0.698694
0.427806
0.685616
0.664436
0.699237
0.676237
0.471608
0.60661
0.64553
0.696319
0.489282
0.664371
0.689853
0.697235
0.613233
0.496834
0.625462
0.647455
0.674649
0.587281
0.394032
0.663939
0.691111
0.445244
0.501637
0.613201
0.632772
0.622992
0.558545
0.658357
0.448454
0.589531
0.550952
0.586364
0.686252
0.666163
0.676103
0.629962
0.676227
0.671724
0.691375
0.630279
0.651726
0.669355
0.649464
0.62985
0.632309
0.684269
0.658282
0.606474
0.696813
0.682564
0.673546
0.607551
0.669706
0.622086
0.648381
0.652063
0.699772
0.691294
0.610985
0.665428
0.69303
0.552806
0.47995
0.632552
0.674739
0.64552
0.699325
0.510438
0.300785
0.630663
0.60755
0.633366
0.591941
0.501146
0.610732
0.385459
0.511965
0.625708
0.455148
0.678148
0.585917
0.633616
0.670636
0.596922
0.340154
0.525161
0.596044
0.650468
0.612957
0.581396
0.679671
0.657215
0.606698
0.608264
0.62009
0.660805
0.642966
0.559393
0.502802
0.631373
0.533561
0.500867
0.653407
0.496025
0.524846
0.524525
0.62854
0.69772
0.57556
0.580388
0.693835
0.682946
0.608033
0.626538
0.479337
0.533948
0.628844
0.442822
0.541411
0.563503
0.550748
0.50812
0.580382
0.694492
0.523455
0.574228
0.43459
0.689484
0.645029
0.588451
0.690713
0.638506
0.561045
0.457412
0.61163
0.529381
0.677022
0.67231
0.64861
0.615424
0.69198
0.693781
0.449325
0.673284
0.652323
0.698838
0.643113
0.661703
0.55192
0.654017
0.484646
0.593875
0.478273
0.446084
0.445422
0.672649
0.547487
0.642524
0.693593
0.580316
0.557221
0.507495
0.490837
0.687073
0.458156
0.564134
0.580027
0.679343
0.697095
0.691028
0.608563
0.69324
0.690749
0.379563
0.545279
0.522229
0.665252
0.673402
0.666776
0.580527
0.674371
0.687862
0.648961
0.673532
0.659655
0.51599
0.416021
0.699584
0.690053
0.654992
0.564817
0.649318
0.286101
0.652082
0.590052
0.588365
0.669293
0.504161
0.40141
0.454535
0.531307
0.41368
0.583866
0.463151
0.437979
0.419924
0.604012
0.690842
0.645724
0.695686
0.539744
0.642502
0.556394
0.590601
0.601066
0.693674
0.276878
0.474082
0.590113
0.409169
0.643351
0.308501
0.693225
0.618714
0.351808
0.656439
0.42305
0.697594
0.591565
0.524609
0.541205
0.453786
0.40042
0.669415
0.370321
0.493969
0.613389
0.692314
0.587914
0.675558
0.603199
0.592146
0.598834
0.58402
0.467293
0.532584
0.642702
0.661471
0.693091
0.624706
0.630415
0.441199
0.504772
0.521978
0.556906
0.671811
0.694681
0.642518
0.698944
0.574769
0.513847
0.612241
0.603041
0.598916
0.567917
0.679387
0.506482
0.512189
0.473074
0.569463
0.667405
0.447355
0.642887
0.566631
0.481726
0.519477
0.482052
0.679336
0.675294
0.623684
0.669573
0.628797
0.561419
0.449125
0.591495
0.397711
0.688703
0.542187
0.538131
0.476416
0.58926
0.433995
0.351354
0.645256
0.655276
0.37647
0.443941
0.386434
0.692082
0.698083
0.376103
0.396587
0.404109
0.693575
0.568588
0.513456
0.662264
0.63653
0.612843
0.61289
0.465664
0.606894
0.688599
0.537106
0.666597
0.619576
0.55735
0.383945
0.527486
0.509598
0.488578
0.568814
0.575873
0.498618
0.444421
0.557907
0.600369
0.540788
0.507231
0.667411
0.527039
0.492781
0.55921
0.62068
0.639521
0.315714
0.571763
0.667259
0.498068
0.660335
0.473525
0.592998
0.591837
0.563862
0.586876
0.402463
0.637055
0.674126
0.528244
0.453762
0.530993
0.455579
0.435425
0.48569
0.438659
0.616156
0.481068
0.45753
0.682704
0.390975
0.561656
0.684032
0.649432
0.506444
0.513725
0.62494
0.679679
0.546736
0.582117
0.384107
0.381336
0.514603
0.624838
0.691214
0.474252
0.588534
0.393001
0.475306
0.652162
0.516379
0.519105
0.578326
0.425592
0.682574
0.498908
0.354367
0.386299
0.39731
0.676599
0.664407
0.506597
0.561645
0.446714
0.459534
0.429013
0.665854
0.46843
0.462748
0.644918
0.587772
0.526948
0.631629
0.512346
0.452405
0.414872
0.500128
0.495794
0.673843
0.689151
0.651191
0.663393
0.65503
0.6452
0.675766
0.67054
0.690175
0.587542
0.65734
0.698305
0.648295
0.569241
0.564708
0.396693
0.565426
0.697619
0.538833
0.430183
0.688686
0.510292
0.679103
0.433822
0.568478
0.511473
0.598551
0.556787
0.51737
0.620359
0.665814
0.539103
0.658406
0.497129
0.513594
0.639546
0.475295
0.615191
0.521871
0.578706
0.572449
0.585242
0.469811
0.579891
0.472011
0.665704
0.673315
0.600407
0.624354
0.555285
0.645223
0.645477
0.368133
0.583123
0.473274
0.45755
0.553552
0.687533
0.671346
0.687113
0.399152
0.602564
0.477074
0.622492
0.662473
0.683322
0.506318
0.552601
0.52361
0.687216
0.450125
0.5279
0.487584
0.53964
0.512924
0.4382
0.507225
0.416899
0.685129
0.481899
0.626827
0.411486
0.611849
0.422523
0.661106
0.641875
0.564357
0.309027
0.581012
0.586711
0.674683
0.626651
0.694209
0.444994
0.298937
0.684914
0.501116
0.509639
0.481154
0.6403
0.412337
0.417666
0.581024
0.644002
0.446709
0.58401
0.48888
0.623611
0.633194
0.539389
0.501086
0.697836
0.507084
0.668485
0.571079
0.62868
0.587697
0.365045
0.595908
0.589422
0.450274
0.446663
0.640076
0.603537
0.333614
0.566133
0.551881
0.66581
0.693048
0.503302
0.637018
0.584097
0.575118
0.649328
0.6112
0.699607
0.318919
0.622778
0.451707
0.323944
0.60913
0.649501
0.45133
0.540234
0.665374
0.676098
0.551786
0.560276
0.417756
0.630965
0.670182
0.551731
0.660817
0.559013
0.602374
0.494405
0.630059
0.654493
0.49511
0.638543
0.548373
0.660183
0.618588
0.54082
0.59323
0.561391
0.594244
0.485292
0.598498
0.699527
0.682088
0.594234
0.619154
0.58722
0.660062
0.655425
0.332648
0.307644
0.667872
0.48983
0.470358
0.551847
0.678391
0.607813
0.624954
0.66564
0.631756
0.566004
0.596745
0.521472
0.397447
0.509666
0.514198
0.405193
0.689756
0.645014
0.562451
0.49793
0.581736
0.56378
0.435174
0.458798
0.585223
0.560938
0.673487
0.55886
0.61629
0.489601
0.694953
0.584396
0.551834
0.527095
0.381215
0.698924
0.455555
0.462958
0.474562
0.461739
0.682486
0.676821
0.69472
0.462344
0.634729
0.438028
0.698963
0.425617
0.406319
0.564211
0.607753
0.38498
0.413875
0.62945
0.445571
0.649537
0.48955
0.373577
0.532999
0.538455
0.41572
0.584175
0.612161
0.506169
0.628231
0.570773
0.374125
0.411146
0.516473
0.351078
0.459859
0.624233
0.243417
0.54038
0.577615
0.453409
0.604491
0.53537
0.465141
0.613064
0.580408
0.422179
0.362517
0.543004
0.504082
0.370586
0.619584
0.375859
0.567449
0.382723
0.349246
0.519597
0.466476
0.599935
0.418649
0.571812
0.571343
0.485977
0.407667
0.498949
0.383396
0.499702
0.661841
0.49209
0.530943
0.526124
0.517623
0.482171
0.352018
0.595958
0.452414
0.636911
0.627178
0.382345
0.563233
0.620092
0.408314
0.450388
0.558738
0.530563
0.565503
0.555984
0.561394
0.556938
0.573909
0.590442
0.617754
0.624797
0.693778
0.572647
0.661625
0.664852
0.667684
0.645022
0.582561
0.397223
0.610893
0.40528
0.663161
0.390434
0.500663
0.467402
0.40678
0.561755
0.521011
0.509655
0.280309
0.551121
0.550843
0.637287
0.483234
0.663914
0.259533
0.589835
0.35816
0.420625
0.358099
0.641207
0.463062
0.630275
0.615324
0.353483
0.476048
0.608705
0.618039
0.453995
0.593034
0.576048
0.694761
0.45803
0.436627
0.427849
0.488665
0.507937
0.601251
0.666555
0.664664
0.462697
0.553089
0.442076
0.38822
0.696847
0.39554
0.694364
0.444909
0.451924
0.412017
0.681531
0.500195
0.506695
0.54833
0.66663
0.549581
0.670315
0.486724
0.598317
0.34148
0.675991
0.570974
0.35804
0.497011
0.611899
0.691946
0.691918
0.510841
0.510411
0.686167
0.568039
0.610977
0.649816
0.418134
0.562186
0.64378
0.525329
0.247803
0.665103
0.518849
0.683376
0.681993
0.495795
0.696038
0.631646
0.679005
0.6101
0.369545
0.378191
0.308945
0.293907
0.336754
0.391287
0.478286
0.272253
0.54598
0.212826
0.388115
0.448667
0.565382
0.46179
0.365715
0.678159
0.380697
0.481373
0.493053
0.599803
0.393386
0.388438
0.391517
0.420088
0.468785
0.472599
0.481428
0.598741
0.333121
0.647109
0.268318
0.382897
0.388656
0.367482
0.52898
0.305484
0.628769
0.447963
0.538127
0.455553
0.573386
0.443319
0.332805
0.335241
0.373611
0.621945
0.349058
0.474306
0.446061
0.489029
0.670485
0.666761
0.686757
0.57623
0.697005
0.441411
0.228261
0.626685
0.658331
0.637127
0.406589
0.303511
0.529288
0.663861
0.474006
0.616821
0.647183
0.471625
0.445024
0.423757
0.460418
0.402686
0.335002
0.605325
0.422322
0.667691
0.51886
0.496259
0.618378
0.609691
0.475379
0.420046
0.57096
0.359128
0.453697
0.646165
0.613504
0.519979
0.664367
0.612443
0.661222
0.648349
0.684203
0.320796
0.644005
0.658262
0.417815
0.523154
0.696985
0.355679
0.542519
0.535066
0.47737
0.515677
0.45404
0.398298
0.529838
0.680773
0.634262
0.371341
0.600082
0.622677
0.445765
0.483905
0.668459
0.352519
0.426581
0.632041
0.318718
0.563878
0.576109
0.699439
0.626014
0.421045
0.515464
0.600734
0.689577
0.559796
0.598292
0.530884
0.391552
0.305111
0.338106
0.382678
0.654705
0.28359
0.448729
0.423372
0.595068
0.581202
0.572623
0.617821
0.337374
0.360011
0.693111
0.633143
0.690839
0.327683
0.465667
0.603108
0.662162
0.493909
0.695444
0.506366
0.435803
0.61876
0.411254
0.685838
0.684862
0.505115
0.27186
0.273381
0.695257
0.588406
0.5661
0.265353
0.497674
0.630594
0.629097
0.637823
0.132819
0.488939
0.654039
0.50241
0.592443
0.445585
0.498899
0.637364
0.268612
0.225514
0.496274
0.522948
0.602632
0.39366
0.545528
0.486628
0.554251
0.678522
0.633199
0.624189
0.428417
0.480702
0.306289
0.350634
0.327496
0.316821
0.601248
0.620893
0.55156
0.600552
0.585093
0.629166
0.564608
0.496712
0.521863
0.647446
0.633979
0.635131
0.664091
0.485638
0.68443
0.651581
0.535334
0.504979
0.615495
0.236414
0.2551
0.511655
0.56744
0.342241
0.348295
0.474041
0.488957
0.691907
0.375678
0.509364
0.686367
0.628392
0.684168
0.648201
0.655641
0.66772
0.6443
0.552169
0.604848
0.421225
0.47796
0.664573
0.390308
0.415122
0.296955
0.190405
0.383834
0.513728
0.588447
0.598558
0.470334
0.642832
0.62427
0.59437
0.624618
0.491352
0.436362
0.439534
0.469999
0.677018
0.343908
0.675343
0.565426
0.440858
0.588416
0.684993
0.57541
0.30996
0.618584
0.644373
0.435998
0.378707
0.223865
0.43332
0.321229
0.696259
0.55064
0.655432
0.437272
0.475742
0.281598
0.406724
0.231282
0.566153
0.155395
0.65332
0.198249
0.381353
0.565716
0.422102
0.671467
0.63019
0.49743
0.457773
0.533321
0.441003
0.381599
0.4293
0.66965
0.637701
0.63019
0.491766
0.529812
0.617625
0.543279
0.453107
0.510002
0.426611
0.204405
0.30345
0.319972
0.240411
0.556193
0.430317
0.685479
0.551889
0.661087
