1216
2373.15 219.719 2509.73 985.125 
1864.29 268.646 1337.97 529.547 
1714.47 273.167 1810.77 500.975 
773.422 279.449 1115.07 538.228 
1325.36 296.486 1998.41 527.872 
1643.33 299.702 696.321 589.801 
1383.87 320.592 1840.34 533.249 
1808.13 360.978 2375.69 571.036 
1858.33 367.601 2413.28 575.681 
1188.91 371.329 665.056 769.983 
1508.3 398.66 1934.92 591.278 
777.339 404.187 1827.69 1246.93 
674.748 406.593 2426.94 602.081 
1984.23 412.862 2244.14 1073.89 
2492.81 430.981 369.624 1118.04 
1844.84 432.535 808.027 751.318 
2209.66 435.577 2435.93 1919.29 
2222.69 453.047 2541.42 1085.79 
1575.33 459.83 2475.34 1450.88 
2519.9 461.139 2582.08 1933.61 
1561.48 469.462 1948.89 644.09 
1692.85 485.801 2069.59 656.422 
1840.88 497.057 1475.46 1012.12 
1725.58 500.591 2116.05 669.984 
1831.42 507.616 2392.46 633.748 
2295.32 512.802 1812.92 1723.13 
1569.81 553.107 1976.61 710.203 
912.809 571.935 175.439 1131.71 
1173.39 592.963 1518.92 996.124 
1460.03 594.76 1868.1 765.867 
823.125 597.573 1774.47 1021.14 
1256.12 611.335 1724.37 1828.98 
1626.2 622.552 1980.33 759.951 
2189.01 684.116 2285.52 750.591 
1545.1 706.84 2139.53 1922.44 
1878.88 725.198 453.263 1197.89 
1336.7 728.709 1747.7 846.023 
1965.98 730.88 2296.36 849.253 
1718.01 745.147 2110.79 864.001 
936.275 747.567 511.964 1688.98 
1064.92 750.419 1747.7 846.023 
1938.94 750.681 1466.93 874.452 
1338.6 756.556 1800.37 863.424 
617.132 766.514 2319.33 1015.65 
822.084 766.417 2114.41 1062.91 
55.6118 780.006 10.8314 948.735 
1899.91 786.522 2065.91 1728.38 
215.669 799.608 1837.72 823.439 
2367.16 845.878 970.019 662.313 
1253.48 863.303 1701.85 949.878 
1113.94 864.319 1592.78 1151.95 
864.438 867.684 2160.61 1021.54 
1094.58 871.55 1757.72 949.335 
172.333 875.017 1697.79 590.418 
1472.8 890.153 1851.01 972.146 
875.894 907.389 1595.21 771.829 
1301.32 911.098 1826.47 985.02 
814.176 924.89 1553.67 951.411 
1261.19 933.563 1791.34 1002.73 
1991.42 940.03 1958.8 1803.93 
1360.7 948.526 1861.29 1016.46 
1549.52 950.037 171.818 777.271 
1878.57 949.979 2062.16 1015.34 
1516.54 952.924 1885.38 1021.44 
1586.34 957.733 1949.51 1024.92 
980.362 957.991 1861.29 1016.46 
1354.73 958.036 1773.83 1024.25 
882.286 959.476 1861.29 1016.46 
207.355 983.302 2218.44 1399.54 
1602.03 998.051 9.49646 945.815 
544.051 1019 1466.5 1114.53 
2286.64 1026.56 516.378 1133.25 
1212.9 1083.16 1765.23 1121.06 
1383.09 1083.82 1816.66 1122.46 
1519.98 1084.05 1868.1 765.867 
1114.68 1085.66 1815.01 1125.02 
1097.38 1088.66 1801.06 1127.55 
2565.14 1091.27 243.904 1087.23 
1478.41 1093.8 1803.61 1129.94 
825.03 1098.53 2218.5 1890.79 
1200.31 1123.09 1699.93 1151.36 
1049.98 1124.62 1697.38 1153.6 
822.359 1126.45 1453.99 1148.85 
1027.12 1134.3 1824.09 1166.89 
1092.31 1134.3 1801.8 1165.19 
1380.34 1140 1813.84 1166.53 
1380.34 1140 1813.84 1166.53 
1044.07 1141.07 1763.95 1171.11 
1569.4 1145.78 1927.91 1173.15 
996.911 1154.31 1526.33 1171.33 
1179.38 1159.86 1608.56 679.34 
1251.58 1166.26 1699.04 1184.18 
646.83 1184.97 1326.44 1190.16 
1593.94 1191.56 1946.46 1209.8 
605.422 1194.37 1283.74 1196.14 
1707.7 1199.83 2038.27 814.912 
1909.14 1201.78 434.912 1020.18 
1919.2 1205.21 2213.02 1226.01 
1471.8 1210.63 1847.26 1222.46 
901.273 1211.74 1463.03 1213.43 
1553.46 1221.87 1950.39 1234.25 
355.958 1223.36 19.6599 579.911 
875.944 1225.39 1445.48 1223.93 
1586.62 1241.9 1921.38 1249 
2029.97 1243.15 2294.29 1258.74 
977.478 1246.38 101.54 569.916 
1406.52 1247.33 1773.05 1250.02 
1833.88 1251.71 2118.93 1261.74 
1660.49 1252.1 1953.31 1258.35 
2313.92 1254.11 2394.98 1272.95 
1651.79 1256.39 813.712 1660.5 
1653.83 1263.41 1946.39 1267.2 
2258.17 1270.93 2339.87 1285.46 
2254.99 1271.7 2336.5 1285.38 
2449.07 1271.91 2503.87 1290.64 
2251.87 1282.9 2332.37 1295.26 
2452.71 1283.85 2506.22 1300.75 
2365.49 1286.14 2430.04 1300.4 
2409.83 1286.38 2468.6 1301.93 
2230.93 1292.2 2313.12 1302.9 
2263.59 1297.52 2342.43 1307.69 
379.713 1299.86 720.066 1490.61 
2232.95 1302.5 2314.41 1311.29 
2232.95 1302.5 2314.41 1311.29 
2263.41 1305.86 2342.24 1314.95 
2241.27 1306.41 2321.68 1315.52 
2329.02 1308.64 1668.45 1250.51 
2231.29 1310.93 2312.9 1319.64 
1055.64 1335.81 2392.2 1618.77 
330.6 1596.79 172.252 542.069 
2097.94 1649.47 771.775 1584.18 
279.002 1670 13.3075 1130.65 
2487.08 1672.86 993.233 1713.93 
523.944 1690.25 1953.71 955.669 
2410.51 1694.61 771.775 1584.18 
2276.36 1701.7 2434.65 1820.1 
2025.85 1718.85 701.422 1681.79 
489.541 1720.21 393.139 1713.52 
362.154 1745.03 398.921 1704.34 
2165.17 1745.88 1252.04 1783.86 
723.603 1766.85 746.924 1644.89 
1421.41 1790.32 2307.05 1068.29 
2464.31 1813.23 415.392 1710.42 
404.753 1845.49 2211.94 1181.51 
1115.62 1846.53 1467.07 1806.45 
12.5235 1873.04 1143.58 767.164 
42.2782 1886.39 118.154 1704.05 
1570.47 1889.62 911.238 1679.91 
687.306 1897.67 1983.98 979.747 
108.675 1921.46 393.139 1713.52 
2029.41 1937.06 1468.88 1825.04 
1050.95 1939.95 1995.2 1674.98 
332.685 1940.92 1573.08 670.712 
2200.54 208.858 1613.29 524.572 
2159.69 227.446 738.417 583.19 
1243.69 251.253 1938.04 495.36 
448.512 252.384 1360.48 511.529 
1085.8 258.871 1815.98 504.014 
1445.63 262.613 2097.11 501.727 
1334.09 263.707 2010.09 503.533 
207.561 265.914 1208.42 527.435 
1076.01 269.284 1808.73 511.823 
643.285 271.698 1473.84 520.719 
1901.59 279.06 2455.05 506.145 
1188.6 279.574 1892.76 517.512 
181.144 280.104 1190.27 538.178 
1609.74 281.131 2253.32 514.721 
928.669 281.353 1740.2 525.303 
1241.99 282.404 1935.11 519.271 
1241.99 282.404 1935.11 519.271 
1237.69 283.567 1931.33 520.189 
104.076 283.89 1138.85 542.522 
1607.15 284.398 2251.39 517.252 
1879.23 287.826 2436.1 514.46 
1615.36 288.95 2257.37 521.16 
1951.28 290.372 2496.18 514.337 
1856.13 295.44 2417.16 520.488 
1619.54 296.034 2261.61 525.769 
1305.85 298.948 1982.55 529.835 
563.241 301.93 1451.03 545.482 
687.053 305.596 1505.18 543.9 
178.154 307.769 1185.99 557.414 
1592.65 309.635 2208.09 534.123 
1781.61 318.462 2356.47 538.744 
752.685 319.127 1555.52 552.851 
1332.7 330.972 2002.96 553.617 
1890.93 331.209 2440.23 546.812 
1890.93 331.209 2440.23 546.812 
1866.45 331.298 2421.44 547.45 
1940.56 332.954 2479.95 547.865 
1855.23 338.619 2412.49 553.026 
162.743 339.166 1174.13 580.218 
1882.6 339.489 2433.69 553.508 
1742.29 345.798 2324.77 560.83 
1904.32 345.888 2449.87 558.309 
1346.17 357.565 1810.69 562.145 
1475.4 361.839 2105.56 574.839 
1860.65 364.662 2416.25 573.182 
1884.79 377.708 2434.46 583.078 
1874.92 379.852 2426.69 584.588 
222.237 380.464 1211.16 608.128 
1563.51 380.631 2178.91 588.899 
1881.02 381.633 2431.9 585.609 
1862.47 382.446 2416.81 586.948 
771.794 383.722 1566.94 600.55 
1796.29 386.034 2365.59 590.429 
1800.44 387.322 2369.32 591.344 
1868.54 387.986 2421.11 591.34 
882.289 388.844 1648.94 602.726 
768.832 393.461 1564.42 607.415 
1874.73 394.194 2426.25 596.245 
1857.81 394.764 2412.71 596.58 
1857.81 394.764 2412.71 596.58 
188.36 404.736 1188.3 625.658 
865.686 406.599 1636.64 615.651 
201.635 408.614 1197.45 628.452 
39.5957 421.85 1077.86 639.793 
1522.37 421.971 1938.03 609.072 
1863.97 422.777 2418.11 618.554 
251.97 442.628 1216.01 651.053 
205.029 457.944 1198.33 663.332 
1652.33 458.631 2046.03 636.375 
1652.33 458.631 2046.03 636.375 
1536.02 471.743 1925.04 645.977 
102.424 476.35 1120.52 677.094 
1845.53 479.39 2205.34 651.045 
42.9145 486.257 1078.07 685.4 
1467.17 488.298 1874.87 660.226 
1802.39 489.944 2168.52 659.74 
138.094 492.963 1144.39 688.947 
1402.96 496.96 1828.96 667.368 
1400.63 500.184 1827.33 670 
46.8622 501.562 1080.21 695.483 
62.9179 502.2 1091.5 696.522 
105.037 502.831 1120.94 696.02 
1746.42 503.379 2116.05 669.984 
1760.03 504.357 2127.7 670.906 
1406.85 511.54 1832.61 677.9 
120.694 515.221 1131.43 704.94 
140.096 516.833 1144.17 705.94 
2203.51 520.268 542.398 869.977 
1211.86 521.366 1697.83 688.861 
1261.85 526.444 1731.93 692.062 
101.23 526.856 1117.11 713.606 
1265.71 531.809 1734.6 696.016 
884.283 543.887 1629.68 716.477 
16.9494 544.57 1059.98 726.74 
1501.31 544.591 1915.87 703.951 
1504.67 547.046 1918.45 706.205 
507.737 553.908 2172.88 777.834 
1550.16 557.446 1932.55 710.987 
140.468 559.638 1143.8 736.1 
867.414 565.154 1617.8 732.401 
1611.47 581.798 2014.62 732.635 
1468.15 584.639 1875.39 734.701 
1794.42 587.995 2336.57 744.588 
1794.42 587.995 2336.57 744.588 
1566.76 619.022 1922.34 1169.93 
1473.32 648.747 1879.27 784.12 
1473.32 648.747 1879.27 784.12 
1456.24 654.248 1864.87 788.587 
508.222 666.68 570.018 902.254 
1826.68 690.089 2268.67 820.231 
1379.52 698.039 2466.92 1670.29 
1564.17 716.134 1902.7 832.13 
1333.51 726.148 1746.45 843.584 
1489.19 727.28 1793.34 855.753 
1307 728.665 1727.33 845.984 
1300.83 729.257 1723.66 846.394 
1206.07 737.136 1658.8 852.974 
1146.45 741.799 1619.13 856.647 
1741.35 744.763 2074.48 858.475 
1331.71 747.425 1793.34 855.753 
864.842 757.717 1433.14 869.853 
1673.11 760.154 886.475 1897.27 
1721.03 764.795 886.475 1897.27 
699.702 801.784 1402.66 803.784 
605.495 802.553 1395.84 908 
1166.44 876.27 1641.88 960.496 
1094 882.451 1592.62 984.665 
1475.48 888.432 1853.62 970.846 
1096.87 893.32 1571.58 996.383 
904.011 898.505 1625.96 761.639 
1432.47 902.491 1823.99 982.444 
1027.1 903.458 1792.56 749.077 
1629.34 914.915 1949.68 990.434 
1557.1 917.552 1917.91 993.798 
1093.55 920.443 1592.54 993.968 
958.584 926.397 1548.53 997.061 
913.681 927.519 1433.26 997.981 
1450.07 929.014 1432.36 1010.32 
1450.07 929.014 1834.93 1002.19 
1334.84 933.029 1838.21 1003.77 
1417.38 933.055 1816.62 1005.06 
1417.38 933.055 1816.62 1005.06 
1636.44 933.399 1993.82 1006.87 
1413.93 934.212 1813.5 1006.08 
1215.91 934.371 1432.36 1010.32 
1299.43 935.602 1735.33 1006.39 
1390.39 938.813 1803.97 1009.69 
1609.15 939.602 2062.16 1015.34 
1710.44 941.035 2067.93 1014.08 
956.918 941.251 1501.51 1009.04 
1699.02 941.711 2058.64 1014.61 
1633.66 942.095 2160.61 1021.54 
1053.46 942.436 1816.62 1005.06 
1703 942.507 2062.16 1015.34 
1010.63 943.326 1804.5 1005.64 
1792.47 943.381 2061.57 1012.51 
972.44 943.854 1770.96 1005.3 
1166.2 944.656 1803.97 1009.69 
1799.58 945.004 2067.93 1014.08 
1856.66 944.925 2023.45 1010.01 
1728.23 945.592 2160.61 1021.54 
2080.64 945.779 2546.69 792.853 
1010.05 947.98 1803.97 1009.69 
1652.24 948.785 1918.33 1015.68 
1817.93 949.21 1991.84 1014.23 
1817.93 949.21 2160.61 1021.54 
1882.02 949.088 2225.79 1022.07 
911.605 949.67 1803.97 1009.69 
1855.86 949.534 1933.55 1009.76 
1745.83 953.126 1918.33 1015.68 
1835.42 955.535 1918.33 1015.68 
972.914 960.393 1619.06 1022.45 
874.143 962.248 1450.41 1024.68 
874.143 962.248 1450.41 1024.68 
747.223 964.924 1415.6 1026.87 
1623.09 970.946 2158.25 1044.13 
1799.51 970.959 2067.07 1035.45 
1873.57 976.053 2138.84 1039.96 
1521.57 996.112 2223.07 1061.02 
1832.47 1001.14 2126.33 1060.58 
1003.94 1002.56 533.796 1197.04 
900.529 1004.11 1472.43 1056.71 
917.227 1004.99 1484.49 1057.52 
1503.21 1008.19 1882.36 1064.64 
1934.18 1049.57 967.982 1061.1 
1363.9 1086.56 1802.59 1124.66 
1477.82 1087.89 1802.59 1124.66 
1351.52 1108.61 1794.3 1492.64 
833.413 1109.94 1652.07 952.33 
1059.62 1112.87 1652.07 952.33 
1073.52 1112.82 1652.07 952.33 
1395.82 1116.31 1652.07 952.33 
1565.54 1119.5 1924.38 1152.45 
1195.16 1122.65 1659.93 1150.06 
1118 1125.44 1635.35 1151.33 
1112.26 1126.1 1812.36 1158.23 
1115.34 1128.4 1815.12 1160.22 
511.58 1129.1 327.673 998.077 
1383.9 1129.2 1635.35 1151.33 
1050.12 1129.85 1697.41 1158.01 
1597.82 1131.91 1966.7 1163.07 
1475.68 1133.28 1963.78 1164.75 
1710.32 1134.4 2158.25 1044.13 
1114.02 1135.98 1813.84 1166.53 
1243.42 1136.01 1692.01 1160.4 
1049.22 1137.79 1768.68 1167.44 
1299.03 1138.1 1843.16 1167.19 
946.467 1139.13 1492.96 1159.34 
1191.48 1139.16 1656.23 1162.82 
1352.45 1138.73 1766.97 1164.18 
1198.47 1139.97 1662.33 1163.33 
1198.47 1139.97 1662.33 1163.33 
1462.78 1139.9 1843.16 1167.19 
858.939 1140.71 1435.78 1159.12 
1566.64 1141.05 1925.49 1168.01 
1095.28 1141.72 1592.42 1163.34 
1562.99 1141.82 1922.34 1169.93 
1145 1142.27 1625.87 1164.57 
1195.06 1143.15 1659.54 1165.99 
1298.91 1144.75 1659.54 1165.99 
822.112 1145.84 1846.04 1180.07 
1406.91 1146.39 1804.45 1171.38 
1403.45 1147.91 1801.73 1172.69 
1462.82 1147.35 1842.95 1172.9 
1560.65 1148.18 1919.83 1174.83 
1399.38 1150.98 1798.27 1174.82 
1355.5 1153.71 1769.46 1176.08 
1445.51 1155.32 1829.6 1178.63 
1271.09 1155.96 1719.29 1176.94 
946.434 1159.66 1492.69 1174.52 
954.104 1159.45 1498.69 1174.47 
1145.64 1163.59 1625.97 1180.38 
1534.2 1164.55 1904.13 1187.68 
1246.92 1165.95 1694.67 1184.05 
818.841 1166.94 1409.46 1178.63 
1352.96 1167.8 1766.98 1186.86 
1463.29 1170.1 1843.65 1190.59 
1454.64 1170.27 1836.33 1190.51 
1567.28 1170.42 1925.25 1192.29 
1766.11 1175.02 2107.52 1199.71 
1517.63 1176.08 1880.07 1196.15 
1221.32 1176.43 1676.63 1191.86 
1661.95 1177.19 2011.63 1199.13 
1672.6 1176.98 2021.37 1199.21 
1942.51 1179.25 330.931 1714.88 
1701.9 1186.04 2044.85 1207.01 
868.075 1189.66 1442.82 1196.18 
1689.35 1189.56 2033.04 1209.93 
628.886 1194.88 1313.14 1196.61 
608.762 1196.85 1286.48 1198.14 
1342.51 1198.73 1757.9 1210.98 
1385.77 1199.17 1791.2 1212.19 
961.993 1199.77 1501.59 1205.8 
1360.17 1202.06 980.669 583.026 
608.636 1202.26 1285.81 1202 
1247.88 1203.46 1695.78 1213.1 
1588.56 1203.81 1941.21 1218.68 
1245.59 1207.65 1693.09 1216.71 
970.641 1209.2 1507.42 1212.82 
1919.67 1209.08 2213.51 1229.01 
1064.85 1210.32 1571.29 1215.39 
1932.29 1211.69 2223.79 1231.38 
1575.51 1211.89 1930.78 1225.24 
1921.11 1212.78 2214.2 1232.33 
1939.93 1214.73 2230.13 1233.42 
827.641 1215.56 1413.57 1215.31 
1912.08 1215.4 2207.09 1233.99 
1111.69 1215.79 1600.92 1221.11 
1918.27 1217.23 2211.63 1235.73 
1156.74 1217.9 1632.85 1222.81 
1182.06 1218.4 1649.47 1223.69 
980.673 1218.96 1515.2 1220.53 
1937.77 1219.18 2228.01 1237.28 
2385.44 1220.01 2476.3 1246.28 
876.473 1221.34 1446.02 1220.15 
1901.73 1221.35 2198.75 1238.79 
1233.07 1222.13 1682.57 1227.53 
818.102 1223.61 1406.06 1221.66 
870.637 1225.09 1441.58 1223.78 
1021.27 1224.75 1541.86 1225.9 
882.195 1225.23 1450.2 1224.04 
996.941 1225.31 1525.67 1225.76 
1057.64 1228.56 1565.85 1229.61 
2043.75 1229.28 2307.55 1247.73 
1093.63 1230.65 1587.49 1231.38 
1115.95 1231.32 1603.51 1231.96 
1998.03 1231.4 2269.58 1248.47 
2073.91 1232.95 2330.22 1251.05 
1342.46 1233.69 1755.53 1238.27 
1540.35 1233.65 1889.79 1241.79 
1255.08 1234.43 1698.92 1237.32 
1225.41 1235.13 1674.74 1237.63 
1750.24 1236.1 2038.15 1247.55 
2074.12 1236.29 2330.99 1253.92 
2406.36 1238.49 2492.99 1261.85 
1226.97 1238.93 1676.67 1240.28 
1565 1241.18 1907.23 1248.29 
1245.83 1241.4 1692.68 1242.78 
1504.2 1242.4 1864.24 1248.22 
1769.77 1242.34 1994.03 1253.4 
1819.52 1242.94 2108.3 1254.63 
2200.55 1243.5 2422.49 1261.92 
1532.96 1243.98 1885.7 1249.92 
1761.19 1245.11 2047.52 1255.57 
1531.71 1247.38 1884.19 1252.5 
1542.36 1247.82 1890.99 1253.07 
1671.47 1247.79 1964.26 1255.42 
1467.1 1249 1838.34 1252.77 
2005.8 1248.96 2274.63 1262.88 
2005.8 1248.96 2274.63 1262.88 
2027.22 1248.88 2291.38 1263.36 
2027.22 1248.88 2291.38 1263.36 
1934.8 1249.84 2212.82 1262.43 
2308.47 1250.79 2389.8 1270.29 
2308.47 1250.79 2389.8 1270.29 
1418.43 1253.6 1783.38 1255.58 
1425.67 1253.33 1789.72 1255.58 
2380.44 1262.87 2444.61 1281.5 
2380.44 1262.87 2444.61 1281.5 
1759.38 1263.64 2045.52 1270.39 
1759.38 1263.64 2045.52 1270.39 
2526.99 1263.25 2575.57 1285.48 
2377.27 1264.67 2442.04 1282.9 
2277.39 1266.56 2357.04 1282.45 
2490.99 1266.78 2545.65 1287.05 
2516.51 1269.61 2567.22 1289.73 
2280.66 1270.03 2359.76 1285.49 
2527.45 1271.09 2576.05 1291.39 
2260.95 1272.72 2342.43 1287.46 
1652.35 1273.28 1946.13 1277.88 
2527.5 1276.08 2576.42 1295.4 
2277.12 1276.76 2356.97 1291.12 
2277.12 1276.76 2356.97 1291.12 
2243.85 1280.74 2325.36 1292.86 
2280.69 1284.22 2360.01 1296.97 
2233.21 1286.39 2315.47 1297.91 
2452.53 1287.63 2505.43 1303.71 
2292.07 1292.89 2370.02 1304.54 
2402.52 1292.99 2461.49 1307.03 
2249.88 1294.07 2330.13 1304.62 
2382.17 1295.47 2443.82 1308.77 
2241.47 1298.35 2321.77 1307.81 
2234.51 1298.91 2315.63 1308.09 
2234.66 1305.9 2315.72 1314.63 
2234.66 1305.9 2315.72 1314.63 
380.696 1315.12 721.472 1277.52 
387.43 1337.39 725.694 1294.45 
163.968 1344.51 532.021 1293.51 
222.169 1345.34 586.893 1295.95 
319.056 1346.8 645.738 1299.74 
313.943 1350.08 642.474 1301.45 
312.12 1355.31 641.197 1306.05 
1867.9 1555.55 403.017 1388.55 
160.774 1624.62 387.53 888.339 
1396.1 1648.91 1885.29 601.09 
2332.82 1846.35 1691.77 1471.31 
1569.39 1853.91 1600.69 1640.67 
1609.91 1872.41 1253.98 1778.29 
203.04 1879.01 1926.52 1150.09 
187.068 1885.54 1983.98 979.747 
1265.86 242.975 1955.41 489.424 
151.327 247.411 1171.94 515.659 
1247.48 249.077 1941.41 493.759 
1279.81 250.581 1965.65 494.292 
1279.81 250.581 1965.65 494.292 
1284.51 251.881 1969.26 495.477 
443.257 252.932 1356.71 512.128 
1079.02 253.653 1810.77 500.975 
1249.94 253.356 1942.72 496.852 
458.524 255.205 1367.64 513.311 
192.523 257.027 1198.39 520.921 
1071.17 256.982 1805.42 503.194 
1482.88 257.661 2152.09 498.344 
1476.2 258.11 2146.67 499.333 
1075.41 260.22 1808.07 505.509 
469.93 262.965 1375.56 518.654 
1972.08 265.918 2518.31 494.392 
1972.08 265.918 2518.31 494.392 
1508.84 268.497 2172.51 505.822 
1602.29 269.507 2247.61 505.502 
258.473 270.364 1243.85 529.659 
1066.94 270.851 1802.32 513.357 
1275.63 271.335 1960.11 510.071 
1607.01 273.702 2248.57 511.084 
166.845 273.976 1180.26 534.45 
225.103 274.967 1219.82 533.65 
229.159 277.627 1222.83 535.119 
189.409 278.519 1196.03 536.738 
1227.93 280.013 1924.43 517.422 
1083.39 282.182 1813.58 521.475 
1083.39 282.182 1813.58 521.475 
503.056 283.899 1398.92 533.038 
43.0428 285.515 1098.87 545.236 
1339.29 286.493 2011.28 520.714 
1628.4 286.318 2269.33 518.331 
349.382 287.54 1307.45 540.009 
1190.95 288.695 1894.3 524.366 
813.997 288.931 1648.89 532.426 
263.886 294.561 1246.05 546.699 
378.468 295.661 1326.56 545.165 
1312.42 296.755 1987.54 529.024 
1454.08 297.642 2100.72 527.968 
214.935 297.819 1212.27 549.827 
224.546 299.128 1219.61 550.487 
206.964 302.122 1206.82 552.631 
490.038 302.971 1390.12 547.063 
1251.01 306.169 1941.06 536.703 
606.695 306.644 141.833 582.075 
1275.73 307.986 1958.87 537.265 
1779.67 307.952 2355.09 531.056 
175.962 311.566 1185.32 560.344 
716.285 311.509 1526.57 547.935 
257.785 318.299 1239.86 563.359 
1916.63 320.661 2461.64 538.496 
1935.99 320.898 2476.67 538.685 
182.798 321.929 1189.42 567.348 
182.798 321.929 1189.42 567.348 
1929.67 323.035 2470.29 540.591 
187.216 324.434 1192.12 569.199 
187.216 324.434 1192.12 569.199 
182.099 327.093 1188.92 570.969 
216.195 327.661 1212.78 570.722 
1946.42 328.579 2486.33 544.739 
1896.7 330.696 2444.84 546.602 
212.476 331.381 1209.62 573.775 
755.449 331.752 1557.04 562.228 
41.9207 332.14 1092.81 577.266 
763.485 334.12 1562.35 563.646 
142.762 342.582 1160.39 582.693 
1516.7 349.252 2140.25 565.404 
1516.7 349.252 2140.25 565.404 
1898 351.656 2444.91 562.852 
1571.82 353.599 2191.64 568.414 
771.071 354.8 1567.44 579.322 
1281.7 357.015 1961.22 574.324 
1898.34 356.815 2445.02 566.896 
1894.07 361.352 2441.53 570.331 
1518 364.377 2141.71 576.746 
719.071 369.073 1527.51 590.174 
60.4464 374.034 1094.28 605.463 
1924.93 374.27 2466.91 579.943 
862.045 375.312 1635.66 592.77 
887.18 380.659 1652.86 596.566 
777.159 383.112 1571.1 599.447 
891.321 383.736 1655.45 599.067 
1530.15 385.494 2148.24 592.324 
852.021 387.556 1626.89 601.78 
49.698 390.164 1086.02 617.308 
294.633 390.507 1246.79 613.248 
1802.09 391.953 2370.01 594.723 
292.689 395.847 1245.75 616.823 
1802.1 395.812 2369.79 598.307 
1860.15 398.669 2414.98 599.515 
1875.9 401.63 2426.94 602.081 
206.06 406.43 1200.48 626.632 
166.185 407.02 1173.52 627.989 
166.185 407.02 1173.52 627.989 
1867.57 410.39 2421.02 608.552 
126.361 411.789 1137.75 631.493 
1510.85 415.519 1929.71 604.649 
121.222 418.801 1134.51 637.111 
538.417 445.165 1355.65 645.902 
251.123 446.731 1215.28 654.527 
2148.18 450.384 1005.3 841.62 
1078.57 454.224 1604.06 639.503 
91.5082 475.403 1112.39 676.829 
194.409 475.87 1191.56 676.597 
1346.67 477.557 1712.06 665.18 
34.543 480.088 1072.82 680.848 
39.5963 479.812 1076.08 680.682 
122.271 486.973 1132.72 684.707 
1555.8 488.709 1982.85 664.444 
57.0946 490.383 1087.92 687.765 
1505.24 493.181 742.648 1187.9 
119.808 493.523 1130.85 689.518 
1167.88 494.5 1621.34 672.531 
95.4129 494.984 1114.15 690.646 
21.8632 496.987 1063.63 693.109 
252.502 503.205 1216.49 694.289 
1684.67 504.939 2308.21 875.445 
1684.67 504.939 2308.21 875.445 
257.831 507.615 1219.54 697.816 
267.485 508.467 1225.82 698.036 
56.3737 509.308 1086.62 701.555 
142.346 520.391 1145.9 708.684 
288.119 526.37 1238.43 710.527 
1250.54 526.542 1724.03 691.614 
1266.12 527.276 1735.07 692.866 
857.818 534.974 1611.16 710.06 
99.5901 538.325 1116.99 721.62 
138.368 539.945 1143.57 722.093 
1503.99 540.749 1918.06 700.973 
1092.63 544.225 1589.62 702.595 
1869.02 549.803 2353.92 712.106 
126.69 556.664 1134.38 734.22 
130.963 578.131 1136.26 749.498 
1608.22 578.491 2011.18 729.621 
1302.42 603.631 1783.48 746.257 
1221.17 610.949 1636.62 763.488 
1028.01 664.018 1565.72 798.533 
1748.47 665.917 2127.4 798.373 
1339.54 673.739 1771.29 804.276 
1653.01 687.621 2038.27 814.912 
1697.56 737.325 2033.21 852.354 
1793.18 746.436 2163.31 863.343 
1269.54 747.973 1745.27 857.531 
1267.23 752.198 1748.16 860.508 
1939.3 758.24 2254.86 869.869 
1113.48 872.491 1806.66 948.846 
1670.31 873.587 1953.71 955.669 
1670.31 873.587 1953.71 955.669 
1030.25 875.459 1598.98 957.454 
1030.25 875.459 1598.98 957.454 
1226.82 877.042 1710.87 978.949 
1166.29 886.108 1616.77 991.379 
1557.19 890.653 1918.19 972.676 
1201.84 893.302 1815.08 948.441 
1201.84 893.302 1665.7 973.291 
1172.16 894.439 1705.1 971.89 
1172.16 894.439 1705.1 971.89 
1632.87 894.85 1953.71 955.669 
1093.69 895.599 1592.82 975.075 
1054 902.434 1613.17 979.257 
2064.75 902.774 2317.78 1077.77 
1557.18 912.978 1918.12 990.139 
1557.18 912.978 1918.12 990.139 
1207.42 914.444 1641.7 968.202 
1165.83 921.153 1641.03 994.98 
1057.93 925.882 1568.89 997.846 
1472.42 932.038 1770.96 1005.3 
1249.59 936.86 1779.17 1005.4 
1276.41 936.913 1546.71 1011.38 
1616.92 937.052 1982.72 1009.98 
1215.49 939.34 1673.56 1009.12 
1158.38 940.573 1644.54 1009.29 
1275.78 941.978 1803.97 1009.69 
859.738 943.617 1437.67 1010.33 
1002.34 944.059 1540.26 1011.29 
1472.91 944.617 1854.16 1014.31 
1477.89 944.946 1858.4 1014.82 
1166.08 945.487 1803.97 1009.69 
1878.21 946.987 2061.57 1012.51 
1473.05 949.983 1619.06 1022.45 
1079.7 951.785 1592.15 1018.18 
972.393 954.664 1618.78 1018.24 
878.671 957.877 1453.85 1021.36 
1915.82 959.697 2250.86 1030.61 
1915.82 959.697 2250.86 1030.61 
871.094 965.353 1448.02 1026.99 
906.319 998.759 1477.15 1052.33 
1000.44 1005.71 1539.05 1057.86 
1254.55 1086.61 1802.59 1124.66 
1152 1113.43 1630.51 1142.49 
1047.16 1120.99 1659.93 1150.06 
860.425 1121.68 1436.9 1144.58 
1145.36 1122.49 1659.93 1150.06 
1141.66 1126.23 1839.96 1158.5 
996.121 1130.31 1557.61 1154.46 
996.121 1130.31 1557.61 1154.46 
900.079 1131.2 1462.71 1152.1 
1594 1134.32 1963.78 1164.75 
1382.82 1136.19 1972.6 1174.3 
1690.44 1136.69 2049 1167.95 
1711.19 1138.36 1896.13 1034.86 
1347.86 1141.53 1656.23 1162.82 
1869.85 1149.88 2211.94 1181.51 
1527.15 1152.29 1619.51 981.371 
1700.39 1153.59 1644.69 1142.76 
1399.74 1158.86 1798.3 1180.16 
950.356 1160.82 1495.69 1175.79 
1403.71 1161.83 1801.6 1182.53 
1117.84 1174.48 1607.07 1188.9 
922.04 1174.98 1477.07 1186.02 
1565.49 1175.24 1924.33 1196.37 
1228.03 1177.07 1681.24 1192.6 
1104.09 1179.12 1597.5 1192.3 
1104.09 1179.12 1597.5 1192.3 
1462.38 1181.77 1841.83 1199.85 
1556.1 1182.37 1914.79 1201.59 
885.468 1182.91 1455.58 1191.7 
897.678 1183.1 1463.34 1192.47 
1464.26 1187.9 1843.87 1204.54 
1166.93 1189.35 1642.08 1200.91 
955.837 1190.82 1498.41 1199.1 
633.463 1193.15 1316.46 1195.61 
1243.98 1193.06 1694.06 1204.76 
1343.58 1195.07 1759.78 1208.05 
823.366 1195.36 1413.02 1199.76 
1123.5 1196.48 1611.78 1206.07 
1782.79 1197.05 2119.53 1217.33 
1128.01 1198.87 1615.7 1207.77 
1353.05 1199.05 1767.76 1211.62 
1250.08 1199.81 1698.19 1210.44 
1228.88 1200.32 1681.15 1210.58 
1674.3 1200.98 2019.98 1218.48 
1595.06 1203.02 1946.71 1218.67 
1446.66 1204.31 1830.3 1217.07 
653.813 1206.46 1331.09 1206.49 
1447.75 1208.6 1831.02 1220.5 
830.371 1208.99 1415.56 1210.35 
883.915 1212.54 1452.24 1214.27 
1967.84 1212.68 2253.59 1232.53 
1590.36 1212.99 1941.8 1226.19 
1936.07 1214.95 2226.98 1233.98 
995.469 1216.97 1525.26 1219.41 
1011.77 1220.53 1535.84 1222.1 
861.115 1220.86 1435.1 1219.92 
1180.85 1222.13 1648.71 1226.56 
1180.85 1222.13 1648.71 1226.56 
1160.71 1223.05 1635.19 1226.52 
1108.01 1223.29 1598.15 1226.07 
1217.33 1227.88 1668.97 1231.19 
2059.08 1229.1 2319.21 1247.66 
1276.36 1229.68 1713.24 1233.98 
1581.57 1230.09 1919.53 1239.87 
1251.72 1231.03 1697.11 1234.33 
1548.23 1233.57 1895.96 1241.5 
2078.76 1234.26 2334.69 1252.1 
1250.01 1235.28 1695.67 1237.65 
1742.35 1238.58 2031.06 1249.4 
1272.36 1239.51 1710.22 1241.72 
2002.35 1245.2 2272.2 1259.57 
1477.37 1245.82 1844.18 1250.06 
1499.77 1245.84 1860.92 1250.6 
1481.16 1249.62 1846.96 1253.49 
1653.01 1249.48 1946.64 1256.31 
1843.19 1250.33 2125.61 1260.79 
2002.63 1251.95 2272.12 1265.69 
2410.52 1252.49 382.246 854.231 
2025.9 1252.99 2290.3 1267.21 
2304.33 1255.18 2385.52 1273.44 
2276.27 1261.23 2356.48 1278.7 
2510.77 1261.86 2562.82 1282.8 
1650.26 1262.53 1943.46 1266.79 
2267.7 1262.83 2348.4 1279.16 
2513.34 1265.65 2563.78 1286.42 
2245.43 1266.45 2328.59 1281.67 
2245.43 1266.45 2328.59 1281.67 
1639.43 1266.82 1935.44 1270.32 
2276.21 1270.31 2356.25 1285.6 
2237.17 1271.75 2320.58 1285.83 
2512.66 1284.87 2563.02 1302.56 
2273.51 1294.32 2351.43 1305.41 
2313.01 1295.86 2389.47 1307.47 
2430.61 1298.35 2485.56 1311.91 
2238.09 1302.04 2318.87 1310.69 
2261.56 1301.82 2340.54 1311.47 
2313.43 1303.64 2389.46 1314.25 
399.483 1319.57 734.892 1281.98 
229.15 1320.35 592.03 1277.38 
68.369 1343.9 474.55 1290.79 
212.081 1344.92 581.341 1295.39 
390.901 1349.58 728.859 1303.69 
1709.92 1431.32 2312.08 524.544 
191.958 1630.11 1492.26 1059.05 
701.755 1753.2 2062.67 1659.22 
701.755 1753.2 2062.67 1659.22 
2363.73 1860.31 1252.04 1783.86 
383.749 1882.83 223.543 1760.95 
1782.58 1889.46 1739.74 1669.28 
166.253 237.971 1181.45 508.714 
1271.69 245.246 1959.13 490.319 
110.299 248.02 1143.51 516.913 
1415.02 252.993 2073.65 494.331 
435 261.807 1350.82 518.584 
123.65 265.804 1152.16 529.617 
229.2 270.226 1222.93 529.873 
105.941 270.783 1140.28 533.146 
221.465 270.661 1217.21 530.869 
485.063 273.556 1386.25 526.034 
1287.8 273.816 1970.5 511.392 
1349.59 276.232 2021.1 512.371 
235.163 279.021 1226.52 536.453 
1279.58 278.046 1962.6 515.618 
1448.61 277.859 2097.11 512.559 
629.91 280.878 1464.45 527.683 
778.23 281.121 1623.47 527.523 
262.617 282.965 1246.52 538.641 
235.176 285.634 1226.71 540.835 
276.593 285.249 1255.51 540.005 
245.423 288.955 1233.74 542.845 
1249.92 295.956 1939.94 528.992 
1815.64 304.279 2384.4 526.605 
272.893 307.711 1251.44 555.731 
1286.02 308.329 1966.69 537.804 
1847.56 309.471 2408.99 530.581 
16.9696 312.943 1076.83 564.524 
707.728 314.051 1520.13 549.871 
1317.83 315.039 1991.57 542.039 
873.112 317.377 1687.62 552.178 
1834.27 321.23 2397.11 540.07 
1834.27 321.23 2397.11 540.07 
634.042 324.015 1465.96 559.076 
765.701 325.051 1564.77 557.1 
1540.72 327.09 2169.04 548.466 
693.972 331.062 1509.54 562.703 
198.003 333.966 1199.69 575.565 
198.003 333.966 1199.69 575.565 
1843.23 339.2 2403.02 553.793 
38.7845 341.968 1089.61 584.931 
204.059 354.161 1202.31 589.585 
1433.99 358.942 1875.71 561.509 
1517.25 359.705 2140.42 572.695 
1432.61 364.525 1874.74 566.408 
877.812 379.733 1645.59 595.844 
216.736 383.545 1207.99 610.293 
783.187 385.933 1575.04 602.117 
903.414 395.388 1664.39 607.129 
1862.57 403.45 2416.34 603.591 
855.808 407.35 1629.13 616.282 
877.154 407.092 1644.62 616.025 
193.972 412.937 1191.73 631.356 
1428.43 430.037 1828.47 614.433 
24.2202 435.264 1067.08 649.271 
82.1102 482.665 1106.11 682.261 
120.7 482.571 1132.46 681.552 
64.5569 494.829 1092.15 690.788 
1171.89 511.982 1663.61 682.198 
271.096 521.01 1227.17 706.903 
284.985 521.264 1236.45 707.386 
159.658 523.607 1157.76 709.965 
1270.28 523.906 1737.49 688.988 
1256.4 527.659 1728.66 692.871 
838.976 538.308 1598.36 712.606 
254.446 541.094 1215.59 721.472 
132.171 560.915 1138.1 737.176 
1462.72 582.762 1870.83 732.911 
1279.94 756.093 1800.97 860.04 
638.766 858.451 2050.94 511.489 
2297.23 863.861 1588.85 622.429 
1166.26 893.169 1592.82 975.075 
1101.01 896.858 1705.1 971.89 
1701.24 899.246 1953.53 966.412 
1662.24 924.951 2182.06 1008.76 
1823.67 924.984 2049.66 996.956 
1324.18 945.952 1592.15 1018.18 
1907.67 949.29 2243.17 1022.26 
856.143 950.893 1435.56 1015.91 
856.143 950.893 1435.56 1015.91 
977.67 961.756 1858.44 1019.99 
1520.1 969.202 1896.13 1034.86 
1712.28 975.382 1985.17 1038.4 
1802.17 978.918 2152.23 1045.26 
904.926 1005.1 1475.38 1057.36 
2426.2 1035.76 1202.78 1194.43 
1098.86 1080.89 1803.01 1121.34 
1151.99 1113.28 1630.51 1142.49 
1874.03 1135.78 1896.13 1034.86 
1607.21 1146.5 1972.6 1174.3 
1812.11 1149.99 2205.43 1181.19 
1603.23 1151.72 1970.02 1178.85 
1612.32 1152.05 1976.75 1178.81 
1564.94 1153.25 1923.91 1179.05 
1557.14 1161.79 1917.3 1185.63 
951.133 1170.7 1495.88 1183.43 
1343.19 1179.49 1760.03 1196.16 
1383.97 1180.67 1787.47 1197.76 
1216.56 1186.63 1673.07 1199.64 
1331.18 1189.4 1833.09 1207.69 
1450.82 1192.15 1833.09 1207.69 
633.629 1193.04 1316.46 1195.61 
1577.03 1193.16 1932.74 1210.85 
960.183 1195.01 1500.96 1202.01 
960.183 1195.01 1500.96 1202.01 
1228.76 1195.69 1681.81 1206.78 
813.045 1201.98 1403.75 1204.84 
909.568 1206.8 1469 1210.2 
1349.82 1208.2 1763.67 1218.37 
1354.38 1212.05 1767.24 1221.82 
1468.62 1214.31 1844.73 1225.3 
1339.2 1214.86 1754.17 1223.56 
1524.02 1216.93 1884.58 1228.36 
904.017 1218.18 1464.91 1218.95 
1170.71 1226.03 1641.92 1229.43 
1347.9 1225.8 1761.03 1232.57 
1544.49 1229.37 1893.22 1238.43 
1544.49 1229.37 1893.22 1238.43 
1559.75 1230.73 1903.79 1239.49 
1833.71 1230.49 2119.82 1244.51 
1098.04 1233.95 1590.72 1234.25 
1755.23 1234.02 2042.36 1245.98 
1755.23 1234.02 2042.36 1245.98 
2023.03 1238.45 2288.3 1254.91 
1212.34 1238.78 1665.18 1239.82 
1479.92 1239.33 1846.56 1245.09 
1517.6 1238.98 1874.4 1245.41 
1723.76 1241.37 2014.81 1251.68 
1745.09 1243.42 2033.03 1253.15 
1275.87 1244.64 1712.4 1246.25 
1827.49 1247.32 2114.33 1258.93 
1549.62 1255.14 1896.64 1260.41 
1854.44 1258.89 2135.78 1269.15 
2257.47 1258.91 2339.82 1276.06 
2530.03 1266.94 2578.6 1287.95 
2386.54 1270.41 2449.33 1288.1 
2257.27 1288.76 2337.1 1300.52 
2406.28 1289.26 2464.71 1303.77 
393.974 1315.53 731.501 1278.53 
399.375 1319.86 734.892 1281.98 
230.082 1337.21 592.17 1290.04 
68.3343 1343.84 474.55 1290.79 
1731.38 1773.68 940.57 915.118 
199.087 259.131 1205.16 521.421 
108.666 264.406 1141.94 528.914 
1092.95 264.051 1822.02 507.825 
207.994 278.574 1208.08 536.11 
770.336 279.627 1617.43 526.705 
324.475 280.662 1289.6 535.388 
1341.87 280.739 2013.52 516.631 
722.924 282.257 1582.88 529.188 
244.699 295.418 1233.09 547.419 
222.176 304.451 1216.49 554.1 
696.529 310.007 1511.03 547.56 
1927.92 312.269 2472.84 531.438 
1824.99 315.726 2390.41 536.021 
1633.84 320.376 2272.35 544.082 
1960.06 319.864 2498.76 537.609 
705.935 321.692 1518.9 555.872 
1854.52 331.131 2411.64 547.7 
1837.3 345.873 2398.64 559.127 
1906.15 356.5 2451.57 566.772 
1906.15 356.5 2451.57 566.772 
714.867 391.294 1520.74 606.078 
1851.41 391.963 2408.47 594.328 
120.76 408.122 1134.5 629.098 
280.793 415.893 1238.33 631.747 
38.0534 427.077 1076.59 643.458 
1858.73 426.833 2413.93 621.401 
1356.83 465.357 1779.88 643.4 
122.922 476.243 1133.26 676.973 
57.3712 480.694 1088.78 681.034 
1270.69 481.778 1723 656.663 
140.295 496.492 1145.87 691.527 
61.0066 506.142 1090.31 699.177 
1415.34 509.843 1839.54 677.387 
146.387 512.225 1148.57 702.482 
123.09 552.221 1131.69 731.435 
1535.73 554.03 1946.02 712.034 
1889.86 587.389 2369.53 741.825 
1079.19 614.937 1599.62 760.587 
1515.05 639.225 1881.45 772.869 
2400.8 720.216 270.569 976.078 
966.684 931.775 1508.34 1001.76 
1637.31 938.366 1995 1010.98 
1731.62 941.991 2081.04 1014.7 
1644.11 943.526 2000.51 1015.07 
1644.11 943.526 2000.51 1015.07 
1738.4 946.671 2000.51 1015.07 
929.063 947.546 1818.06 1007.56 
1827.76 950.772 2000.51 1015.07 
1913.45 953.658 2248.33 1025.69 
1913.45 953.658 2248.33 1025.69 
922.388 996.343 1489.34 1051.11 
1697.59 994.912 2057.63 1056.64 
1697.59 994.912 2057.63 1056.64 
1802.24 998.001 2152.18 1059.92 
1802.24 998.001 2152.18 1059.92 
830.242 1029.97 1436.66 1076.01 
974.286 1181.73 1691.89 1201.56 
1511.13 1183.33 1874.48 1201.95 
661.828 1196.9 1337.86 1198.28 
1562.09 1202.55 1922.25 1218.28 
1232.7 1211.65 1683.01 1219.39 
1117.58 1212.71 1605.41 1217.93 
1176.88 1229.92 1646.04 1232.47 
1052.41 1231.16 1562.07 1231.85 
2046.51 1230.66 2309.52 1248.6 
1850.41 1232.03 2132.42 1246.25 
1762.3 1236.48 2048.23 1247.97 
1528.64 1237.91 1881.94 1244.87 
1824.1 1238.18 2112.62 1249.46 
1971.76 1239.38 2252.9 1254.2 
1549.29 1245.19 1896.63 1251.02 
1751.41 1244.57 2037.86 1254.19 
1708.7 1249.52 2003.05 1257.4 
1685.27 1250.2 1975.38 1258.39 
2244.74 1259.36 2329.56 1276.46 
2271.2 1268.02 2351.65 1283.66 
587.299 1313.59 953.354 1282.67 
208.589 1336.85 578.587 1289.93 
1343.13 252.21 2017.46 495.069 
1343.13 252.21 2017.46 495.069 
104.928 253.245 1139.82 521.043 
1488.89 268.661 2156.81 507.326 
1887.71 277.942 2377.6 505.985 
1614.99 279.281 2257.84 513.18 
752.242 281.679 1603.9 528.877 
752.242 281.679 1603.9 528.877 
368.587 286.244 1575.15 531.099 
1848.68 294.837 2410.43 521.023 
1841.81 300.727 2404.25 523.922 
715.13 322.965 1526.72 556.093 
1864.24 331.975 2419.9 548.151 
195.091 338.619 1197.53 578.855 
1600.39 340.936 2214.82 558.439 
200.891 346.152 1200.96 584.462 
897.146 375.07 1660.72 592.426 
1808.16 384.177 2374.55 588.92 
60.7803 401.093 1094.22 623.764 
16.4482 402.685 1063.2 626.589 
28.4419 452.552 1068.77 661.651 
106.015 458.943 1122.83 664.522 
1819.43 462.117 231.316 886.517 
1101.12 495.403 1607.07 669.498 
160.036 530.99 1158.03 715.547 
111.321 539.849 1124.24 721.969 
1420.02 936.073 1571 1012.61 
1211.86 941.809 1831.85 1007.94 
1503 998.652 1880.97 1057.07 
1872.92 999.025 2218.18 1061.64 
1803 1016.12 2152.26 1074.2 
1803 1016.12 2152.26 1074.2 
1454.67 1156.55 1723.75 1177.15 
1083.59 1160.65 1649.53 1180.6 
1083.59 1160.65 1584.7 1177.99 
949.974 1163.3 1495.26 1177.85 
1184.15 1163.2 1649.53 1180.6 
1184.15 1163.2 1649.53 1180.6 
997.048 1165.39 1526.68 1180.14 
1043.88 1166.83 1557.21 1181.81 
1558.8 1169.09 1919.16 1191.41 
1520.81 1187.48 1880.92 1205.16 
1893.68 1204.88 2193.24 1225.88 
1350.2 1206.44 1764.02 1216.79 
1448.5 1213.47 1830.29 1224.81 
870.554 1217.36 1441.89 1217.82 
982.724 1220.83 1516.3 1222.43 
1206.42 1238.33 1661.89 1239.87 
2014.92 1239.3 2281.59 1255.23 
2014.92 1239.3 2281.59 1255.23 
2018.6 1248.78 2284.27 1263.02 
2018.6 1248.78 2284.27 1263.02 
1848.89 1253.2 2130.84 1263.26 
2396.71 1289.35 2456.2 1303.39 
2276.19 1300.92 2353.7 1310.96 
2215.96 1301.89 2302.25 1310.81 
2366.74 1301.9 2429.41 1314.04 
2348.61 1309.03 2416.16 1319.69 
291.216 1347.67 629.091 1299.41 
1488.52 268.146 2156.81 507.326 
1498.5 275.165 2164.66 510.866 
169.664 285.606 1182.09 542.078 
489.745 289.709 1390.03 537.688 
489.745 289.709 1390.03 537.688 
1289.92 301.109 1969.89 532.234 
1289.92 301.109 1969.89 532.234 
21.6839 349.539 1079.09 589.848 
97.644 380.928 1118.75 610.306 
1734.78 399.569 2289.18 599.671 
43.5279 401.394 1081.62 626.342 
292.708 438.022 1244.71 647.819 
127.753 467.137 1138.05 670.283 
38.5401 509.723 1073.99 701.775 
261.115 517.864 1220.83 704.984 
261.115 517.864 1220.83 704.984 
1714.9 638.595 1496.69 974.399 
595.507 654.351 1392.82 798.822 
1304.3 724.936 1725.67 843.482 
718.872 887.581 1932.55 710.987 
1129.75 925.751 1617.37 998.426 
955.806 930.181 1501.21 1000.78 
187.805 993.375 117.635 645.224 
1786 995.842 2139.31 1058.69 
1871.84 997.823 2218.18 1061.64 
1386.08 1079.22 1877.3 1123.67 
1581.83 1186.57 1935.75 1205.49 
1575.82 1197.41 1931.87 1213.96 
1583.09 1207.63 1936.68 1222.39 
1539.55 1221.74 1897.77 1232.59 
1248.43 1227.99 1694.56 1232.47 
1844.55 1234.28 2127.93 1247.77 
1717.76 1248.37 2009.55 1257.03 
1301.66 284.575 1979.36 519.741 
656.251 285.328 1483.35 530.342 
254.026 287.259 1239.45 541.377 
204.389 292.986 1206.04 546.663 
220.28 354.895 1210.35 590.213 
30.5678 400.742 1070.96 623.454 
1427.58 436.056 1828.5 619.086 
121.934 533.127 1131.55 716.399 
102.187 583.391 1112.31 753.328 
821.709 894.511 1932.75 1158.9 
1437.14 916.388 1826.71 992.125 
1669.57 919.455 2020.47 997.649 
1824.14 926.337 2162.74 1003.58 
1434.46 948.321 1586.63 1021.66 
1434.46 948.321 1586.63 1021.66 
1205.16 953.502 1586.63 1021.66 
1073.38 956.418 1586.63 1021.66 
1073.38 956.418 1586.63 1021.66 
1751.08 1168.29 2094.51 1193.68 
1668.26 1182.31 2017 1203.56 
1668.26 1182.31 2017 1203.56 
1322.49 1213.65 1742.7 1222.23 
879.549 1226 1447.77 1224.3 
1213.49 1225.7 1666.46 1230.2 
1222.6 261.771 1921.3 504.291 
937.699 288.604 2248.57 511.084 
1820.95 375.122 2385.89 582.394 
171.888 392.929 1178.04 618.06 
1495.65 437.646 1898.46 625.971 
67.5109 483.725 1096.08 682.771 
67.5109 483.725 1096.08 682.771 
91.3601 487.819 1112.64 685.494 
2177.72 580.086 2540.58 729.026 
1064.81 641.606 1589.2 780.942 
1528.95 714.083 1883.27 834.689 
1860.4 767.362 2191.42 876.597 
1883.72 927.165 2222.83 1003.56 
1557.73 931.488 1920.52 1004.84 
1273.8 934.535 1801.58 1004.18 
1163.79 938.475 1801.58 1004.18 
1595.68 945.579 2213.36 1027.71 
1691.1 949.322 2134.03 1024.01 
1691.1 949.322 2213.36 1027.71 
1779.32 952.897 2134.03 1024.01 
1795.13 1006.52 2145.99 1066.73 
1795.13 1006.52 2145.99 1066.73 
1617.58 1143.57 1981.61 1172.17 
940.037 1193.6 1488.57 1200.55 
2021.59 1219.6 2288.51 1240.04 
924.806 1228.57 1886.02 758.978 
1737.51 1242.84 2026.67 1252.58 
1054.65 272.374 1119.05 525.521 
117.233 482.695 1130.18 682.11 
1277.42 524.018 1745.36 691.176 
1724.31 985.508 2078.44 1049.06 
1778.16 987.432 2132.58 1051.55 
1813.28 988.009 2160.38 1052.25 
1864.89 990.31 2212.79 1054.73 
1701.5 1007.83 2061.67 1065.79 
870.283 1178.06 1443.38 1187.92 
1235.01 1187.48 1686.49 1200.64 
204.868 314.625 1205.07 561.693 
206.569 429.43 1198.12 641.146 
1543.38 695.445 1892.26 818.347 
896.75 955.171 1468.71 1019.5 
917.606 979.52 1487.31 1041.5 
1533.5 981.612 1905.53 1043.91 
1533.5 981.612 1905.53 1043.91 
1588.81 983.693 1960.47 1046.33 
1634.09 984.376 1996.89 1047.31 
1683.35 986.225 2046.39 1049.45 
1610.76 1005.45 1977.21 1063.89 
1142.34 1204.73 1628.63 1213.36 
1233.59 1236.04 1681.93 1239.24 
1233.59 1236.04 1681.93 1239.24 
199.57 263.222 1203.96 525.113 
255.44 278.925 1241.7 535.464 
1492.45 940.066 1864.97 1007.85 
181.472 395.264 1182.56 618.968 
1431.93 523.314 1851.71 685.486 
1334.81 550.372 1782.11 712.115 
1622.87 948.827 1986.81 1019.1 
1719.45 952.396 2074.09 1023.21 
1719.45 952.396 2074.09 1023.21 
1808.89 956.201 2156.03 1026.7 
1680.35 1033.89 2044.32 1088.02 
1059.27 905.458 1588.61 983.734 
1435.28 867.484 1831.67 958.284 
1629.36 1384.33 1982.78 1367.46 
1063.66 1230.6 1570.18 1229.01 
1461.5 1239.97 1843.68 1245.61 
