0.689503
0.607455
0.611072
0.445223
0.487445
0.636165
0.51967
0.664366
0.520963
0.633837
0.532333
0.636274
0.550529
0.513107
0.562336
0.587785
0.662794
0.641357
0.69192
0.566931
0.673049
0.481609
0.677636
0.40107
0.618409
0.608269
0.673279
0.503385
0.447736
0.697802
0.610188
0.629006
0.335237
0.44126
0.452389
0.626763
0.692812
0.683793
0.632857
0.599716
0.683842
0.694401
0.67787
0.672518
0.517393
0.588313
0.633259
0.692862
0.647942
0.692214
0.671511
0.646397
0.696315
0.420384
0.428818
0.640383
0.699731
0.658933
0.600225
0.48807
0.58521
0.486655
0.440511
0.680966
0.662301
0.483338
0.377824
0.663038
0.512069
0.504147
0.653063
0.648583
0.513642
0.626913
0.661761
0.645572
0.518559
0.550595
0.572492
0.473786
0.568319
0.565406
0.353437
0.377104
0.580651
0.597098
0.444897
0.446037
0.675447
0.487173
0.676248
0.591884
0.692969
0.510338
0.68812
0.614129
0.591635
0.524332
0.609598
0.486497
0.619984
0.418089
0.565897
0.624915
0.698285
0.695622
0.480599
0.661157
0.624693
0.546269
0.629597
0.691785
0.660555
0.687729
0.629887
0.68947
0.580198
0.624631
0.615446
0.51625
0.524997
0.615314
0.608054
0.673916
0.604316
0.521357
0.608242
0.645947
0.607705
0.687327
0.607212
0.648528
0.593793
0.684608
0.632317
0.676887
