136
951.502 227.323 942.095 216.927 
882.541 231.831 998.147 417.689 
1032.48 249.412 555.126 515.893 
828.607 251.526 857.399 301.469 
999.622 288.906 1023.16 309.553 
840.698 289.449 885.591 353.379 
809.255 290.308 884.005 698.127 
638.044 291.547 729.093 496.719 
1172.38 293.452 1348.31 391.44 
1001.15 294.345 1024.94 314.675 
999.958 304.026 1025.58 324.972 
647.872 312.904 779.007 543.674 
598.701 329.387 1392.43 573.579 
149.715 332.026 1407.3 344.81 
69.5779 357.22 1218.49 291.727 
158.13 374.722 991.417 792.621 
621.96 380.586 873.629 572.363 
269.292 386.136 1223.46 552.677 
819.533 398.316 999.804 659.038 
821.271 402.132 1002.26 662.541 
824.475 401.924 547.515 878.053 
865.862 403.522 1052.78 667.029 
857.807 405.077 1043.19 667.407 
849.031 406.71 1033.4 667.692 
1075.79 407.414 214.043 659.133 
342.884 422.876 552.977 827.462 
876.079 427.319 1048.11 753.03 
733.761 441.216 903.151 678.61 
730.029 441.461 898.006 679.194 
107.357 451.404 271.449 454.266 
1326.52 457.53 1398.48 516.634 
212.866 464.314 1297.87 408.455 
1341.29 473.161 1414.43 531.94 
1343.53 513.009 1418.73 567.642 
1341.15 514.668 1416.28 569.217 
1341.15 514.668 1416.28 569.217 
945.088 514.834 324.876 633.405 
433.451 532.967 1211.44 262.188 
1347.51 538.295 682.88 835.465 
392.929 575.483 778.609 731.85 
753.015 615.798 1269.56 936.417 
695.899 646.589 224.158 674.335 
542.05 659.118 893.669 971.51 
509.943 669.512 835.717 40.6816 
1063.06 675.611 1134.03 843.974 
936.693 684.395 1076.6 780.146 
1008.34 709.872 978.323 398.635 
926.65 741.185 876.645 664.479 
976.264 779.158 1371.44 628.942 
635.596 811.382 1399.14 586.573 
881.939 227.879 996.528 413.39 
933.907 247.986 924.435 232.733 
502.128 256.141 273.83 503.536 
1019.04 258.185 1035.34 274.506 
1381.95 269.223 1414.02 300.49 
1435.91 277.433 1462.49 302.597 
1204.31 318.312 642.094 520.028 
953.406 319.589 985.146 348.873 
1420.42 322.969 483.902 734.178 
1050.97 327.342 1211.44 262.188 
441.645 339.548 406.423 518.161 
841.935 374.21 1023.78 639.995 
817.431 395.202 997.844 656.571 
441.124 407.167 645.1 782.642 
303.718 414.785 510.492 825.678 
850.128 426.874 1035.72 684.138 
858.982 439.801 1045.91 694.795 
437.166 445.852 647.413 815.249 
311.923 446.206 524.496 848.47 
1322.27 452.388 1394.25 513.074 
998.179 471.227 650.105 547.338 
279.02 474.468 493.636 870.559 
432.648 474.53 648.125 841.072 
1344.93 487.016 833.995 711.5 
816.456 564.133 1013.9 803.339 
542.606 583.03 1114.6 954.98 
795.96 662.415 1029.06 931.067 
709.493 691.448 941.271 950.625 
933.812 691.375 1071.44 618.915 
1090.93 798.976 1271.57 934.141 
945.535 243.226 937.066 230.274 
1008.63 246.045 1025.09 266.918 
831.525 254.158 860.346 304.692 
1027.8 255.684 1042.36 270.055 
1385.88 281.364 1418.79 313.23 
109.167 397.897 1133.57 461.561 
303.942 410.452 509.537 822.604 
871.142 422.562 1059.21 683.039 
850.351 423.337 1036.86 681.318 
860.829 444.208 1048.02 698.225 
410.708 477.176 624.605 842.875 
284.832 503.475 552.877 864.818 
429.283 529.906 1321.62 608.204 
925.478 542.488 1297.66 405.001 
436.004 641.5 1038.84 536.28 
797.035 655.381 1029.45 922.563 
1067.32 679.205 515.459 511.195 
386.548 689.901 441.464 489.31 
913.234 690.739 613.004 635.074 
985.676 825.369 1110.04 846.979 
942.023 246.773 932.963 232.828 
950.865 251.392 943.707 239.314 
1000.42 298.547 1025.05 319.176 
1000.42 298.547 1025.05 319.176 
300.275 405.377 505.191 819.423 
300.275 405.377 505.191 819.423 
480.995 414.117 687.851 783.441 
644.103 419.694 720.757 705.684 
427.19 420.784 1052.78 667.029 
428.596 428.123 635.035 801.009 
296.004 449.335 507.964 851.206 
291.223 463.86 505.437 863.019 
1341.42 468.059 1413.82 526.747 
540.365 471.203 319.917 631.633 
1306.86 613.829 1386.3 653.172 
797.823 651.856 1029.45 922.563 
795.152 680.412 1030.53 946.894 
515.469 852.886 650.105 547.338 
1319.88 454.17 1392.28 514.263 
114.048 460.589 209.333 593.576 
292.772 471.611 508.852 869.041 
952.207 512.047 1026.27 856.934 
792.686 640.831 1021.44 911.169 
1401.88 253.718 1428.55 280.694 
943.177 269.984 940.073 257.646 
353.369 417.472 563.607 822.689 
840.623 428.443 1025.94 685.455 
105.442 458.512 200.753 593.375 
799.722 640.241 1029.33 912.026 
472.121 702.997 736.674 783.321 
528.853 545.681 757.667 747.677 
507.749 307.926 1213.7 879.026 
1537.83 139.612 613.876 509.432 
259.502 1140.28 1249.78 563.069 
1529.6 113.412 614.943 512.261 
1560.77 210.956 613.876 509.432 
