0.643207
0.642364
0.637843
0.679572
0.397077
0.569617
0.416608
0.659825
0.674979
0.677272
0.572234
0.2996
0.483869
0.629738
0.630281
0.686038
0.696886
0.442397
0.537221
0.698263
0.593564
0.466177
0.593779
0.613479
0.620966
0.62135
0.576175
0.501163
0.555037
0.697943
0.415668
0.694082
0.686402
0.527999
0.688688
0.69513
0.63431
0.547386
0.653003
0.490953
0.622592
0.660208
0.697534
0.510321
0.383377
0.510164
0.659614
0.532324
0.560816
0.653771
0.581433
0.466258
0.515714
0.666813
0.697623
0.531513
0.373766
0.655615
0.632188
0.683082
0.404303
0.512923
0.560469
0.312142
0.570153
0.572083
0.433561
0.578573
0.637382
0.691908
0.634116
0.470621
0.479611
0.609988
0.568135
0.53016
0.684106
0.644013
0.480752
0.591694
0.692237
0.586897
0.597833
0.663838
0.47666
0.682618
0.563775
0.645495
0.546016
0.383622
0.682929
0.353425
0.276644
0.603859
0.68862
0.549181
0.532511
0.54155
0.659528
0.580199
0.577842
0.429747
0.3986
0.312696
0.660289
0.689137
0.607609
0.368962
0.592296
0.687849
0.443411
0.687788
0.633269
0.452512
0.479079
0.409233
0.394811
0.536983
0.693572
0.49646
0.687213
0.334513
0.373158
0.580858
0.636667
0.475694
0.381574
0.581629
0.434437
0.488948
0.471799
0.339217
0.69672
0.621554
0.294503
0.425442
0.581306
0.661857
0.6923
0.640407
0.572614
0.566416
0.675234
0.680599
0.348992
0.579058
0.642985
0.563329
0.520215
0.605972
0.497536
0.266074
0.518565
0.492682
0.609006
0.690199
0.380934
0.488384
0.660335
0.524698
0.698119
0.593268
0.691759
0.626122
0.643671
0.62547
0.320491
0.353541
0.499948
0.458437
0.480274
0.53643
0.663074
0.687839
0.692597
0.659338
0.433526
0.693571
0.609854
0.633883
0.644256
0.609571
0.621408
0.575025
0.677509
