185
392.212 550.424 224.966 566.637 
310.283 288.999 290.969 233.503 
443.211 568.348 248.801 613.171 
512.581 414.053 393.674 563.009 
490.161 526.168 310.923 629.011 
456.595 414.522 334.145 455.847 
363.106 553.621 202.168 553.153 
218.398 217.878 279.684 152.51 
446.435 555.422 258.308 603.777 
297.901 286.06 285.181 225.943 
314.583 285.803 295.023 233.439 
363.106 553.621 202.168 553.153 
393.323 473.306 256.083 452.308 
218.398 217.878 279.684 152.51 
392.33 480.721 251.416 456.69 
266.004 588.204 119.197 525.463 
169.987 334.785 182.933 199.997 
505.649 320.088 458.083 542.952 
202.032 253.925 246.568 168.744 
395.469 606.111 196.282 626.054 
329.478 237.852 330.431 212.424 
511.613 404.759 398.969 557.296 
95.8041 498.496 54.5003 305.87 
395.469 606.111 196.282 626.054 
278.501 614.368 111.454 550.407 
557.297 289.781 447.523 504.362 
322.25 600.222 147.611 565.184 
432.654 400.541 325.923 432.556 
324.729 582.374 160.487 554.555 
359.019 542.395 207.656 540.843 
188.863 400.413 165.902 283.952 
466.529 478.935 304.661 508.696 
415.51 533.29 250.315 567.644 
383.841 601.179 191.983 616.481 
294.147 590.077 136.657 543.008 
365.913 530.311 218.398 535.812 
459.01 418.75 333.454 460.728 
389.157 603.753 194.051 621.197 
424.026 484.404 270.638 480.818 
168.573 327.814 185.781 195.232 
401.404 119.2 451.321 217.004 
383.841 601.179 191.983 616.481 
276.385 605.586 114.986 542.858 
391.854 597.811 199.084 618.624 
362.678 673.214 131.993 654.849 
460.596 415.54 336.501 459.029 
271.717 601.653 114.183 537.696 
189.187 479.856 126.166 361.546 
414.659 282 370.159 312.803 
445.2 561.576 254.026 608.424 
337.115 68.5735 429.788 137.591 
201.331 483.704 131.531 371.521 
265.025 578.604 120.577 519.042 
404.713 580.592 214.659 596.522 
184.454 349.205 183.597 214.992 
533.851 309.597 494.917 393.625 
495.755 503.88 329.492 617.878 
463.058 419.174 336.039 463.435 
346.611 553.688 190.186 545.734 
184.944 354.863 179.426 219.213 
405.258 642.922 178.874 656.735 
257.531 146.153 349.45 171.677 
473.008 665.43 217.909 741.181 
188.065 474.658 128.433 357.141 
490.334 355.703 414.477 514.866 
528.893 321.307 475.683 562.001 
378.315 627.11 171.976 630.981 
281.011 606.657 117.197 546.731 
525.907 489.1 362.41 638.194 
242.206 332.735 226.417 228.827 
215.41 221.39 275.863 152.562 
222.895 216.843 283.222 153.377 
500.303 310.476 25.0365 370.708 
340.809 588.846 166.46 566.935 
446.876 504.366 275.054 510.812 
509.077 401.52 398.813 553.884 
308.502 325.733 269.692 254.225 
214.529 181.842 548.757 558.733 
432.977 190.471 452.607 329.134 
121.705 649.086 430.445 122.328 
557.297 289.781 494.917 393.625 
295.057 535.484 170.799 508.122 
427.422 537.665 255.954 577.969 
514.068 368.799 422.995 539.557 
432.977 190.471 452.607 329.134 
220.899 248.587 264.115 175.298 
456.577 576.543 253.632 628.791 
195.039 400.078 169.167 285.277 
143.194 549.61 475.985 560.041 
527.854 319.586 505.269 557.756 
184.349 398.151 164.994 280.01 
219.053 234.574 269.808 165.347 
283.817 619.811 323.012 424.077 
450.065 410.691 331.607 449.115 
421.222 390.841 324.058 420.165 
347.196 73.9577 552.893 568.742 
359.533 674.302 129.576 653.427 
414.47 476.491 268.454 468.443 
61.777 172.614 211.99 81.2623 
491.374 522.533 314.029 627.714 
413.491 531.181 250.315 567.644 
251.266 93.0526 355.165 83.4799 
300.724 290.816 284.546 230.446 
185.286 406.846 159.746 288.39 
335.167 465.31 230.019 443.775 
363.097 563.277 198.08 561.361 
68.6006 154.273 224.554 69.8889 
298.339 124.474 12.9372 761.916 
317.818 606.716 523.667 557.489 
417.952 542.217 246.421 576.565 
388.175 542.304 226.485 558.58 
260.006 575.816 123.036 514.382 
274.548 275.552 276.041 209.583 
262.96 563.59 132.082 507.888 
428.136 282.379 380.126 323.246 
152.677 369.881 153.087 212.369 
513.507 296.742 165.041 195.098 
287.41 425.282 245.031 367.45 
332.352 444.387 221.516 349.936 
379.956 490.899 288.068 535.161 
270.108 591.332 118.677 529.987 
276.298 608.454 113.236 544.801 
321.376 594.998 150.533 561.184 
504.419 211.561 530.656 556.294 
566.194 283.236 523.667 557.489 
439.646 557.005 252.392 600.885 
336.97 215.448 271.584 376.113 
87.7095 725.868 451.321 217.004 
153.933 215.583 452.607 329.134 
527.854 319.586 505.269 557.756 
551.044 115.048 438.891 410.874 
522.661 326.138 124.174 602.754 
465.932 669.598 210.622 740.413 
285.506 521.89 124.309 744.225 
495.109 207.213 491.181 557.974 
160.438 261.753 238.978 130.976 
537.991 404.263 419.111 577.42 
375.274 486.544 251.329 419.855 
504.844 487.934 344.825 613.754 
491.048 341.989 16.5301 763.505 
84.1836 354.515 248.499 487.102 
329.168 298.966 256.031 418.038 
476.731 299.667 404.517 579.72 
405.441 432.649 287.877 433.182 
86.2681 632.103 554.074 574.943 
285.175 628.915 106.142 565.009 
78.2134 641.785 214.847 144.454 
401.404 119.2 451.321 217.004 
387.905 461.194 259.162 439.627 
515.024 305.264 448.839 433.711 
233.538 209.758 301.563 158.611 
480.129 352.534 388.812 396.957 
114.197 181.398 190.085 129.863 
317.565 235.68 323.312 203.967 
233.538 209.758 301.563 158.611 
68.8488 167.86 474.168 416.663 
162.298 277.82 224.078 163.922 
86.8498 498.407 50.0062 300.413 
462.137 667.196 208.595 736.513 
247.715 448.001 129.105 594.952 
76.8034 686.603 177.638 493.465 
408.978 216.915 418.646 320.673 
461.63 574.78 257.566 630.131 
89.0674 662.835 445.804 198.591 
505.41 521.128 325.201 636.797 
175.096 299.189 202.801 182.396 
499.791 208.621 492.849 388.987 
390.083 454.846 264.783 437.133 
13.6738 577.72 224.554 69.8889 
224.671 233.084 278.471 167.541 
129.962 579.58 26.3168 367.245 
437 750.123 273.529 400.163 
86.0379 631.448 554.074 574.943 
483.728 444.484 113.743 649.004 
394.301 636.576 176.141 643.25 
507.705 614.974 255.954 577.969 
102.034 659.597 70.4641 568.092 
504.419 211.561 494.917 393.625 
258.78 558.977 131.412 503.095 
350.577 462.715 208.519 334.768 
533.851 309.597 494.917 393.625 
550.041 470.557 411.522 691.893 
285.535 604.825 206.701 272.018 
246.029 684.661 177.638 493.465 
74.1183 498.897 103.414 389.139 
