24
567.555 232.573 355.625 46.6143 
592.457 234.318 355.625 46.6143 
367.039 403.709 146.917 377.489 
737.947 413.926 541.91 274.851 
745.368 414.097 559.122 270.814 
227.861 427.933 253.915 22.3376 
661.296 536.35 285.338 539.407 
390.79 146.196 222.621 665.422 
339.978 152.66 431.877 49.8077 
657.663 341.919 336.816 198.676 
729.341 397.673 658.776 235.028 
729.341 397.673 527.616 247.597 
973.047 405.059 899.443 239.575 
626.435 405.474 256.889 324.353 
729.524 437.274 520.452 325.149 
595.525 643.808 913.757 383.131 
658.242 459.118 300.524 403.625 
369.325 115.427 590.033 303.015 
734.51 432.116 531.97 312.534 
733.994 438.082 529.257 324.728 
648.86 457.517 281.158 403.94 
737.75 426.856 539.14 300.75 
626.48 444.941 248.11 389.811 
230.524 451.106 116.679 337.266 
