135
564.388 87.7273 417.218 420.088 
397.505 199.058 543.165 504.543 
444.621 213.276 213.09 262.728 
312.1 226.838 343.429 361.195 
350.972 251.54 276.413 227.949 
316.646 260.962 394.59 312.031 
415.29 267.416 251.735 179.518 
390.773 287.081 282.557 193.632 
390.773 287.081 282.557 193.632 
219.954 304.911 525.472 349.59 
346.128 333.177 305.502 326.637 
322.939 337.129 397.347 241.851 
313.987 343.558 379.403 243.035 
301.52 348.634 383.285 229.51 
327.023 352.528 383.285 229.51 
302.032 357.482 408.839 255.332 
354.436 361.285 408.839 255.332 
180.01 365.288 619.246 347.389 
230.461 397.153 514.366 331.6 
195.32 402.47 561.736 380.667 
232.255 408.409 510.078 350.998 
232.255 408.409 510.078 350.998 
218.2 421.031 522.324 352.797 
193.871 424.832 584.726 366.197 
306.461 425.136 473.535 222.856 
210.009 436.683 577.4 333.487 
252.46 445.54 516.234 327.437 
207.13 455.367 600.925 328.179 
2.67255 572.405 2.7075 572.581 
6.91037 572.651 761.608 27.5832 
54.2978 56.09 176.737 224.035 
762.057 133.119 762.161 269.297 
273.916 145.018 176.737 224.035 
184.063 156.773 543.165 504.543 
402.866 231.596 232.593 211.505 
390.698 283.462 279.215 195.889 
424.396 285.024 261.138 163.124 
421.138 285.499 263.964 165.063 
314.892 289.836 340.4 283.826 
397.836 296.894 286.3 182.966 
390.857 303.47 297.433 186.86 
320.61 306.51 349.12 263.653 
302.731 308.092 365.678 287.375 
305.784 310.157 365.628 293.673 
223.53 310.496 528.434 358.381 
305.269 314.392 367.949 278.536 
317.781 332.124 398.197 231.809 
319.9 337.873 375.9 244.635 
313.42 347.393 340.4 283.826 
316.356 360.115 399.518 236.855 
331.084 360.513 387.942 221.006 
331.084 360.513 387.942 221.006 
352.92 367.479 416.095 254.013 
352.92 367.479 416.095 254.013 
232.254 403.069 504.383 358 
186.701 412.939 567.192 409.148 
207.909 423.365 566.708 345.049 
205.685 437.289 583.663 339.855 
159.953 489.604 155.044 177.342 
495.807 93.5208 516.234 327.437 
442.067 167.612 163.43 216.821 
241.5 192.193 171.485 193.631 
409.316 255.968 246.246 191.144 
384.257 270.56 321.356 210.778 
394.721 284.888 278.334 191.204 
293.919 298.485 366.603 307.364 
389.397 308.135 303.087 186.322 
358.552 310.327 322.955 215.686 
404.415 310.455 267.626 329.902 
363.04 311.165 321.356 210.778 
392.519 311.452 302.369 180.697 
364.847 315.802 324.156 206.01 
325.16 317.08 354.609 250.634 
373.964 320.696 280.785 178.14 
301.846 325.808 381.252 274.909 
341.028 328.289 351.12 225.65 
341.028 328.289 351.12 225.65 
305.039 332.633 384.099 266.704 
217.38 337.272 533.773 363.339 
316.134 339.711 380.938 247.815 
341.229 360.135 380.471 210.475 
209.862 419.625 562.214 346.689 
191.509 437.067 600.293 362.321 
761.591 571.831 2.7075 572.581 
744.486 6.02443 261.732 169.97 
466.381 169.476 150.527 184.336 
179.006 170.931 176.737 224.035 
444.267 174.906 167.292 207.093 
198.74 180.764 176.737 224.035 
252.275 182.889 543.165 504.543 
468.882 187.486 414.999 216.469 
445.42 235.725 209.26 165.204 
445.42 235.725 209.26 165.204 
392.335 291.403 285.085 189.576 
392.335 291.403 285.085 189.576 
398.924 302.951 290.947 179.479 
761.114 306.436 379.178 572.72 
397.341 309.142 297.908 178.234 
397.341 309.142 297.908 178.234 
364.136 320.682 289.344 172.784 
315.728 325.416 367.807 257.346 
313.559 335.088 379.266 254.413 
352.347 343.998 357.771 206.14 
303.663 421.886 470.902 227.454 
303.663 421.886 470.902 227.454 
262.111 454.893 542.595 261.141 
270.117 455.124 540.172 252.165 
399.21 187.009 205.279 173.944 
455.181 205.998 181.81 171.993 
441.179 227.616 205.279 173.944 
428.995 236.257 218.435 182.226 
418.018 272.688 254.537 174.257 
384.422 293.194 291.142 196.809 
270.676 448.006 499.948 241.868 
254.887 454.347 547.911 267.874 
371.786 245.394 262.341 242.409 
409.577 264.218 252.627 186.863 
385.914 282.737 281.885 201.052 
385.914 282.737 281.885 201.052 
384.021 293.447 291.142 196.809 
360.921 296.667 281.885 201.052 
366.735 311.576 319.679 206.95 
636.264 12.4504 761.036 7.0149 
309.676 291.86 344.655 294.468 
392.545 298.145 290.335 186.688 
392.545 298.145 290.335 186.688 
312.127 303.435 352.229 280.443 
295.439 312.034 377.484 292.772 
307.447 349.096 395.224 256.112 
333.509 351.66 395.224 256.112 
334.154 325.58 355.627 232.322 
527.416 337.369 762.153 324.273 
297.729 421.07 470.902 227.454 
281.516 435.856 503.918 248.034 
206.22 467.919 616.293 329.359 
