0.682142
0.696798
0.673728
0.691711
0.603565
0.587404
0.405771
0.459514
0.639084
0.655927
0.502484
0.638557
0.662887
0.69806
0.579956
0.573421
0.431907
0.696048
0.687946
0.689532
0.411268
0.646578
0.560256
0.692577
0.635383
0.522052
0.558861
0.696639
0.0867848
0.684888
0.680715
0.699727
0.697505
0.638053
0.671875
0.551888
0.529793
0.398911
0.68241
0.578899
0.653997
0.50459
0.679689
0.629072
0.604132
0.659622
0.657228
0.669115
0.679816
0.622122
0.619604
0.6263
0.606457
0.631842
0.416877
0.682729
0.469411
0.659924
0.618198
0.695442
0.693521
0.693237
0.491964
0.673526
0.515165
0.666187
0.583652
0.653316
0.698216
0.475685
0.315936
0.640139
0.422176
0.447008
0.640014
0.468642
0.67805
0.532879
0.611698
0.535539
0.694619
0.688297
0.555757
0.164418
0.672554
0.630892
0.493934
0.436576
0.655258
0.679626
0.677313
0.5487
0.695604
0.293808
0.411492
0.218618
0.680306
0.31993
0.212773
0.649946
0.641985
0.547615
0.567056
0.326671
0.369138
0.663382
0.528846
0.637661
0.343092
0.486641
0.517492
0.302846
0.486412
0.575356
0.240747
0.527439
0.215226
0.696154
0.620939
0.463204
0.695745
0.332315
0.585893
0.626668
0.617092
0.263012
0.571771
0.604853
0.485874
0.592214
0.642574
0.66691
0.639493
0.623361
0.619174
