0.666252
0.423202
0.371445
0.580054
0.511869
0.410645
0.618657
0.658861
0.606313
0.485636
0.673299
0.633634
0.501021
0.304042
0.512564
0.512575
0.603776
0.636937
0.599378
0.687474
0.630838
0.682398
0.68744
0.652912
0.430809
0.665736
0.372372
0.318018
0.685674
0.527158
0.456681
0.529514
0.261747
0.468824
0.596884
0.368934
0.478548
0.29967
0.414781
0.409496
0.41546
0.398521
0.340153
0.594717
0.354894
0.32834
0.528665
0.548158
0.419853
0.400642
0.372313
0.385176
0.392288
0.334729
0.602872
0.485695
0.373233
0.275369
0.591503
0.433834
0.328148
0.610304
0.45446
0.417002
0.348725
0.390471
0.223942
0.242298
0.318245
0.582483
0.371422
0.312692
0.647334
0.493594
0.241307
0.61447
0.30672
0.372232
0.412895
0.625517
0.332283
0.390521
0.214976
0.548032
0.476751
0.53501
0.397639
0.553276
0.364331
0.317252
0.22862
0.208044
0.504347
0.21973
0.698538
0.364296
0.519293
0.319175
0.415716
0.323512
0.24662
0.247121
0.296635
0.444789
0.688282
0.658928
0.504476
0.576602
0.671327
0.346646
0.600135
0.553376
0.687166
0.372128
0.292236
0.582164
0.612688
0.64014
0.310571
0.635208
0.497386
0.241259
0.408283
0.453514
0.592008
0.418785
0.399774
0.538628
0.635907
0.658001
0.646405
0.47901
0.533275
0.528944
0.551691
0.501767
0.654131
0.687119
