138
450.421 204.678 316.116 395.997 
53.3658 307.68 169.224 38.5777 
365.328 308.202 236.619 323.288 
159.716 320.063 225.906 144.08 
197.782 321.18 222.773 177.058 
168.779 331.293 214.964 149.284 
198.95 331.011 214.802 175.935 
184.588 337.411 209.886 162.16 
240.568 339.511 205.808 211.301 
174.342 340.477 207.076 152.346 
225.422 340.023 276.143 275.068 
225.913 345.083 276.143 275.068 
269.189 350.592 195.939 234.369 
232.872 351.422 196.186 202.167 
243.073 357.125 190.637 210.295 
170.919 357.428 192.801 145.746 
143.496 367.877 184.175 118.184 
456.725 370.556 173.898 396.479 
456.725 370.556 173.898 396.479 
219.975 375.753 174.878 186.039 
167.652 376.554 220.918 257.001 
560.547 47.7606 182.496 469.016 
314.076 78.0074 314.011 329.04 
561.237 131.041 182.496 469.016 
455.129 162.792 332.449 396.779 
560.349 191.911 211.57 267.648 
444.359 195.619 310.664 388.504 
386.542 206.496 305.326 344.109 
393.997 209.026 303.202 349.783 
393.997 209.026 303.202 349.783 
434.189 218.916 295.301 380.438 
291.572 219.835 299.742 269.982 
331.055 257.919 270.479 297.27 
289.454 258.675 372.349 287.315 
329.038 261.403 267.662 295.667 
364.723 304.386 240.176 322.947 
163.068 319.342 225.498 146.852 
339.919 320.083 221.942 299.577 
290.299 320.192 220.918 257.001 
284.738 321.844 219.837 251.92 
177.978 323.489 221.577 159.067 
304.198 324.855 216.281 268.188 
304.198 324.855 216.281 268.188 
256.869 334.432 209.915 225.9 
273.731 336.172 207.93 240.57 
316.856 339.016 204.524 277.454 
280.373 344.991 200.064 245.142 
268.634 346.502 199.351 234.574 
268.634 346.502 199.351 234.574 
281.129 349.354 196.658 245.117 
288.044 359.488 187.439 249.782 
288.044 359.488 187.439 249.782 
293.804 361.714 185.347 254.583 
293.804 361.714 185.347 254.583 
275.674 363.134 184.677 238.314 
171.309 363.285 187.337 144.569 
241.057 364.858 184.056 207.411 
270.059 366.239 182.126 232.965 
243.613 367.867 180.921 208.845 
243.613 367.867 180.921 208.845 
299.805 369.992 177.355 258.876 
288.603 372.021 176.418 248.678 
172.664 374.18 177.499 143.285 
394.453 382.213 164.551 341.423 
419.526 383.561 162.917 363.48 
452.079 384.629 161.177 392.166 
479.502 407.623 103.779 412.458 
475.282 408.951 102.27 408.371 
475.282 408.951 102.27 408.371 
469.856 411.49 99.8477 403.464 
469.856 411.49 99.8477 403.464 
471.545 426.227 84.4748 404.841 
481.645 428.419 82.2225 414.76 
407.166 104.384 374.51 363.629 
306.457 141.19 351.366 287.796 
393.878 182.753 321.106 350.498 
289.324 188.177 321.998 271.259 
286.815 195.976 317.26 268.961 
285.195 199.613 314.659 267.059 
322.71 229.764 291.501 293.172 
335.054 273.889 258.218 299.502 
324.297 302.318 236.937 288.669 
365.301 308.275 236.619 323.288 
362.103 323.891 224.622 319.571 
381.84 332.451 216.789 335.519 
304.326 340.883 202.957 266.408 
298.461 343.317 200.963 260.891 
65.8162 347.03 205.985 53.1296 
333.035 347.177 196.774 290.563 
384.985 363.302 181.77 334.249 
481.526 364.725 178.747 417.839 
481.526 364.725 178.747 417.839 
318.858 367.667 179.146 276.03 
462.932 367.726 176.281 401.856 
319.379 376.532 171.859 275.501 
398.891 380.974 165.77 345.446 
398.891 380.974 165.77 345.446 
476.717 405.543 105.951 409.936 
476.717 405.543 105.951 409.936 
491.741 454.958 52.6091 424.276 
491.741 454.958 52.6091 424.276 
493.542 459.803 47.6091 426.496 
493.542 459.803 47.6091 426.496 
491.408 464.482 42.1641 424.479 
605.735 19.5977 195.546 491.938 
605.956 79.3115 195.546 491.938 
355.549 93.2406 382.982 327.575 
537.984 106.043 370.177 456.509 
561.15 147.404 182.496 469.016 
290.207 200.927 312.916 270.516 
285.037 251.241 372.349 287.315 
289.024 259.399 372.349 287.315 
296.933 276.968 372.349 287.315 
333.904 279.113 254.432 298.11 
337.551 283.842 250.554 300.52 
361.207 316.896 229.985 319.331 
361.207 316.896 229.985 319.331 
316.233 318.224 221.363 278.747 
375.56 318.574 228.224 331.072 
148.646 354.969 196.307 126.304 
300.974 109.712 372.349 287.315 
321.428 117.883 364.88 300.155 
335.588 308.395 231.792 296.601 
336.462 314.887 226.398 297.326 
312.187 345.976 199.678 273.076 
223.499 352.094 195.985 194.028 
232.009 354.783 193.377 200.972 
275.926 200.178 315.164 259.425 
303.249 237.563 287.267 277.779 
318.475 329.203 221.363 278.747 
318.475 329.203 212.877 279.751 
70.9409 341.864 210.438 58.9368 
370.13 216.187 297.514 330.923 
321.123 345.181 198.655 280.319 
321.123 345.181 198.655 280.319 
325.903 189.962 317.313 297.229 
326.87 219.107 297.727 296.414 
313.787 172.478 210.438 58.9368 
