0.692871
0.696638
0.61514
0.661288
0.605446
0.630865
0.37458
0.676074
0.465847
0.573701
0.470634
0.5288
0.643955
0.492038
0.607024
0.668983
0.693152
0.444735
0.460473
0.5104
0.440686
0.490865
0.599759
0.625848
0.668751
0.673678
0.695004
0.693107
0.549691
0.634811
0.63313
0.543397
0.662394
0.628485
0.689278
0.689101
0.642415
0.677678
0.609246
0.639319
0.464103
0.481081
0.674211
0.612784
0.550585
0.433038
0.650992
0.638454
0.489842
0.388952
0.401385
0.568177
0.636149
0.570137
0.642605
0.643945
0.685608
0.479716
0.535694
0.402701
0.655404
0.585309
0.652797
0.630863
0.446994
0.45356
0.550179
0.456069
0.674035
0.52556
0.589761
0.574536
0.67811
0.518376
0.582167
0.510453
0.565149
0.503768
0.645199
0.611053
0.600537
0.637593
0.630248
0.476681
0.538821
0.511991
0.657668
0.411241
0.691195
0.604846
0.642694
0.61706
0.691211
0.57335
0.672729
0.652435
0.606908
0.614449
0.535452
0.406635
0.514398
0.508025
0.525486
0.391997
0.561846
0.651953
0.478276
0.335809
0.346517
0.517873
0.51796
0.531188
0.598762
0.596711
0.544305
0.6653
0.623195
0.434668
0.489697
0.527031
0.588238
0.402472
0.42912
0.609716
0.483416
0.48246
0.396997
0.632489
0.607335
0.433503
0.459382
0.651398
0.535456
0.623532
0.678484
0.608334
0.590387
0.651055
0.413792
0.456551
0.698524
0.682656
0.462429
0.640278
0.554504
0.535528
0.675527
0.407016
0.283377
0.252935
0.308364
0.354043
0.330371
0.450369
0.666176
0.631145
0.611532
0.631854
0.348225
0.628592
0.602663
0.409862
0.337808
0.439124
0.551649
0.441045
0.512107
0.497211
0.650244
0.530609
0.614115
0.609399
0.36033
0.669724
0.498881
0.24546
0.645872
0.691576
0.653391
0.532746
0.563469
0.442313
0.446438
0.644697
0.428098
0.370533
0.637793
0.691897
0.413504
0.265163
0.640795
0.481788
0.559466
0.547285
0.661011
0.590978
0.549946
0.651386
0.69543
0.621802
0.580474
0.633587
0.557424
0.616184
0.601115
0.5957
0.643604
0.347466
0.282725
0.365236
0.387884
0.560183
0.680409
0.471387
0.681705
0.684244
0.454363
0.697966
0.63634
0.461592
0.575925
0.622744
0.625347
0.437408
0.43848
0.57523
0.564705
0.247733
0.552126
0.574732
