230
1337.02 697.712 1618.02 1065.86 
1420.71 547.062 1673.91 953.776 
1351.25 644.909 1626.96 1027.5 
286.931 925.066 888.633 1223.55 
1356.05 511.049 1629.64 930.128 
1347.65 639.042 1624.8 1023.12 
1351.25 644.909 1626.96 1027.5 
1230.88 701.366 1531.28 1052.63 
925.4 620.514 688.767 295.807 
1361.98 474.779 1634.01 903.909 
768.522 627.796 538.72 298.442 
1351.32 471.133 1626.58 901.667 
222.273 1437.1 943.32 1645.56 
1230.88 701.366 1531.28 1052.63 
913.348 641.049 677.219 316.171 
1397.31 556.643 1658.2 962.072 
1352.07 632.319 1628.14 1018.45 
743.698 611.769 514.084 281.848 
911.152 628.611 674.819 303.613 
1289.07 538.703 1579.66 944.673 
1498.44 547.59 1725.92 952.826 
27.0921 828.86 130.277 708.068 
2182.88 552.547 2092.43 733.008 
795.766 779.109 1230.26 1110.79 
959.49 637.64 721.022 313.334 
1423.79 515.453 1675.32 931.616 
951.21 638.635 713.774 314.576 
1331.2 473.76 1612.93 903.734 
233.349 931.473 854.086 1229.17 
19.5714 826.998 123.612 706.241 
1333.98 445.853 1615.17 883.523 
851.61 631.405 621.185 307.495 
775.29 785.915 1216.39 1115.86 
1466.2 483.165 1703.9 907.021 
310.134 854.089 408.657 761.465 
1014.72 718.194 1381.17 1065.31 
427.303 1328.56 1092.5 1583.4 
427.303 1328.56 1092.5 1583.4 
1412.04 477.424 1634.01 903.909 
847.799 670.177 621.318 348.42 
1484.69 519.979 1716.96 932.889 
1374.3 447.557 1642.23 883.784 
872.643 651.031 641.534 327.099 
946.395 615.384 710.083 292.621 
1216.78 651.173 1521.72 1016.19 
979.796 733.328 1357.35 1076.83 
876.562 675.04 646.151 351.474 
348.083 1363.28 1039.59 1605.99 
1405.53 675.984 1663.78 1048.49 
1388.27 453.484 1651.32 887.708 
328.655 874.448 427.913 781.69 
1394.46 662.037 1656.13 1038.38 
1346.77 530.428 1623.63 943.142 
1316.08 475.031 1603.13 905.62 
1394.8 388.384 1653.52 836.552 
952.992 614.814 715.456 291.556 
904.593 619.977 669.666 294.891 
689.445 841.304 1159.11 1155.94 
743.438 801.087 1194.78 1127.06 
928.523 617.211 692.139 292.547 
741.314 625.305 512.232 295.283 
1388.62 403.974 1648.65 847.698 
778.782 1107.81 1298.71 1414.79 
67.7135 818.298 164.206 698.952 
67.7135 818.298 164.206 698.952 
1014.64 722.483 1381.59 1068.47 
1439.53 522.11 1685.9 935.915 
847.799 670.177 621.318 348.42 
924.18 631.278 688.272 306.62 
1317.63 552.706 1604.27 961.544 
947.077 645.025 710.401 320.753 
869.422 758.769 1281.02 1095.52 
1316.15 523.816 1603.09 940.563 
916.424 668.435 683.296 345.036 
874.365 757.663 1284.08 1094.54 
618.799 852.924 1109.93 1165.49 
1346.74 549.037 1623.78 958.139 
1428.44 515.73 1678.64 931.564 
1325.41 629.635 1609.71 1017.17 
869.638 653.891 639.092 330.522 
904.095 753.411 1304.95 1091.4 
1285.02 537.623 1575.69 942.943 
1061.06 715.517 1413.82 1063.42 
1004.15 724.97 1373.72 1070.51 
739.039 622.403 510.138 292.61 
1196.56 615.256 2163.73 622.834 
869.638 653.891 639.092 330.522 
203.989 1376.53 924.924 1600.13 
1326.37 515.658 1610.03 934.713 
350.314 935.838 931.825 1230.46 
769.884 620.857 538.682 291.055 
1316.56 625.947 1604.13 1014.95 
22.4949 827.96 125.719 707.165 
224.606 882.06 330.266 779.762 
1412.36 704.563 1668.39 1068.73 
206.308 1365.95 925.251 1592.74 
797.404 785.46 1233.06 1114.99 
1404.5 475.44 1626.58 901.667 
1405.53 675.984 1663.78 1048.49 
1444.11 476.843 1688.79 903.173 
1439.94 495.871 1686.23 916.918 
1304.83 570.3 1595.94 970.489 
1316.7 535.603 1603.67 949.419 
54.3751 833.842 154.631 713.11 
333.054 1352.3 1029 1597.88 
1322.84 628.713 1608 1017.03 
1427.94 582.962 1679.18 980.843 
211.864 1439.05 938.473 1646.91 
305.731 1385.35 1011.11 1619.23 
874.365 757.663 1284.08 1094.54 
1314.68 574.678 1603.11 977.845 
1371.92 578.005 1641.96 978.611 
1420.12 406.012 1670.19 847.65 
904.593 619.977 669.666 294.891 
947.861 739.076 1335.37 1080.72 
225.996 1254.35 924.026 1508.99 
86.0444 1372.58 839.106 1593.13 
1914.16 658.252 1080.04 457.344 
1322.83 710.537 1609.19 1078.32 
85.9244 754.705 172.404 637.936 
1413.17 641.886 1668.81 1023.52 
142.082 730.246 221.226 617.398 
1035.22 720.565 1395.71 1066.93 
282.899 1363.18 993.849 1603.23 
187.344 1430.97 919.265 1640.18 
313.929 934.357 907.49 1229.93 
1365.21 658.848 1636.66 1036.6 
1365.21 658.848 1636.66 1036.6 
1541.71 685.409 1778.66 1084.12 
827.495 770.355 1251.79 1104.18 
313.929 934.357 907.49 1229.93 
1367.27 442.049 1636.86 879.098 
231.677 935.159 852.295 1232.3 
1485.38 574.842 1717.04 973.058 
1436.52 474.072 1684.27 901.121 
944.108 635.876 706.946 311.553 
25.0874 846.073 129.186 724.17 
332.401 1360.21 1028.93 1603.09 
97.8001 1475.58 1492.1 1260.82 
785.285 626.343 554.629 297.299 
775.29 785.915 1216.39 1115.86 
841.115 769.549 1261.6 1103.36 
157.092 1385.78 895.942 1607.04 
1338.28 458.9 1617.98 892.461 
994.191 617.332 753.346 292.758 
1352.92 502.678 1627.77 924.329 
1205.24 511.149 2040.78 627.737 
238.483 933.487 856.521 1230.42 
116.353 1434.49 868.944 1640.35 
1240.18 571.778 1535.04 956.425 
194.575 931.418 828.212 1230.77 
1081.94 714.954 1428.22 1063.12 
783.025 1118.36 1302.21 1422.69 
194.575 931.418 828.212 1230.77 
1541.71 685.409 1778.66 1084.12 
7.58667 925.788 133.057 806.407 
1242.74 1500.81 537.278 1583.74 
754.122 794.138 1202.5 1121.58 
1356.62 647.852 1630.9 1029.26 
1421.25 596.156 305.052 843.786 
67.0211 987.347 197.337 870.925 
337.626 1410.48 1037.1 1640.4 
629.302 845.196 1116.61 1160.1 
255.651 820.857 349.013 721.182 
1322.83 710.537 1609.19 1078.32 
255.651 820.857 349.013 721.182 
880.991 574.803 644.564 248.144 
1327.56 511.113 1611.36 928.987 
830.98 772.441 1254.32 1105.72 
1645.01 668.381 217.927 335.924 
1235.03 517.731 1530.85 915.656 
555.671 1672.38 603.218 1131.02 
1389.16 476.197 1652.1 903.977 
126.049 929.4 246.514 818.538 
1634.87 1271.51 510.926 1558.64 
784.147 593.259 551.893 264.602 
724.388 1087.17 1255.02 1394.22 
1351.32 471.133 1626.58 901.667 
937.413 599.034 700.426 275.926 
907.085 625.153 671.951 301.097 
851.61 631.405 621.185 307.495 
848.066 764.957 1266.63 1099.92 
1407.3 700.337 1665.29 1065.97 
1249.16 578.746 1543.32 962.122 
1403.72 513.448 1661.92 930.432 
176.607 1370.13 907.981 1596.66 
1308.66 484.37 1598.39 910.791 
129.119 919.044 247.543 809.817 
928.523 617.211 692.139 292.547 
1368.19 463.435 1637.92 895.454 
1614.08 647.57 1763.02 711.408 
167.684 926.367 809.862 1226.59 
1356.63 640.644 1630.89 1024.52 
462.535 909.3 1006.23 1208.64 
151.035 1402.96 893.498 1620.26 
1270.67 550.032 1579.66 944.673 
522.059 892.089 2067.91 1189.77 
1835.48 709.424 321.942 1534.74 
17.5502 931.875 143.005 812.948 
1342.4 714.045 1621.5 1077.6 
1330.15 638.129 1613.55 1023.38 
864.129 644.707 633.339 320.449 
1251.16 458.75 920.43 401.115 
1259.43 727.574 1570.57 1094.8 
754.998 681.48 782.539 611.395 
1272.03 452.625 422.49 1559.92 
1023.09 634.864 780.639 310.12 
761.537 612.146 530.797 282.994 
1858.71 1404.45 1734.43 906.904 
901.082 751.261 1302.4 1090.11 
772.995 1162.08 1311.63 1466.42 
945.516 635.014 707.279 310.443 
227.603 920.817 849.042 1222.83 
1363.38 466.808 1634.67 897.754 
268.432 924.867 878.09 1223.48 
711.935 616.56 483.014 285.035 
186.536 1222.12 496.048 1164.9 
255.994 987.664 963.008 1264.17 
292.883 932.945 1661.27 909.367 
1273.5 1446.17 1165.48 1077.65 
1224.51 778.785 1547.83 1133.11 
694.535 820.969 1162.15 1141.73 
1287.9 471.436 1561.39 900.312 
981.431 736.986 1872.8 939.717 
837.585 643.772 608.365 319.458 
1626.92 735.87 1878.42 1149.84 
1270.99 510.119 1544.3 924.314 
1265.85 481.186 1559.61 947.479 
217.512 1348.76 934.066 1582.39 
1363.38 466.808 1634.67 897.754 
