0.665868
0.633277
0.528752
0.58012
0.554446
0.640295
0.636415
0.671122
0.666752
0.677501
0.65288
0.689772
0.541035
0.6492
0.695514
0.64968
0.474695
0.659859
0.618789
0.649754
0.679947
0.689939
0.627792
0.65418
0.628224
0.673087
0.694381
0.668807
0.680511
0.543253
0.692935
0.654483
0.645734
0.616717
0.64161
0.656685
0.554688
0.505209
0.669251
0.650567
0.611534
0.474127
0.67305
0.687552
0.698383
0.596501
0.470927
0.529125
0.615361
0.397761
0.66068
0.694912
0.665045
0.573961
0.673907
0.601598
0.552996
0.61868
0.662743
0.595446
0.684859
0.597031
0.640588
0.692278
0.557903
