65
14.2159 296.337 655.491 295.738 
397.401 209.243 278.402 340.462 
661.625 270.651 321.374 252.266 
62.1175 241.729 523.227 226.596 
68.5266 244.137 527.202 220.733 
417.953 218.629 298.114 318.823 
419.901 223.302 302.046 318.525 
406.207 101.476 193.648 267.922 
53.678 398.547 641.759 367.839 
247.998 181.646 138.278 447.415 
424.304 255.23 347.395 58.6196 
568.341 229.067 416.431 310.974 
420.603 109.831 210.735 252.937 
287.897 177.208 147.216 437.301 
55.3874 254.787 531.994 243.857 
44.109 312.234 574.965 299.107 
407.544 193.27 269.247 320.166 
42.9951 326.727 587.05 310.138 
263.54 180.172 141.998 443.82 
661.625 270.651 321.374 252.266 
14.2159 296.337 655.491 295.738 
381.308 133.375 615.122 307.183 
224.286 184.303 133.4 453.373 
564.146 249.066 416.431 310.974 
28.2597 254.982 518.486 280.606 
9.49092 260.032 55.9719 176.116 
261.362 209.917 538.6 256.975 
52.1134 305.201 572.344 283.57 
758.047 260.869 238.524 418.038 
34.1468 406.719 647.828 379.693 
64.846 202.6 491.583 194.846 
245.672 107.401 315.596 398.219 
118.353 174.241 762.522 131.955 
65.1495 238.034 521.156 221.102 
564.146 249.066 416.431 310.974 
683.596 262.08 356.796 183.731 
19.8886 420.325 641.927 414.536 
576.091 258.923 184.511 245.52 
419.826 79.2892 184.338 235.438 
32.9184 228.024 505.128 197.834 
592.847 246.01 184.511 245.52 
596.238 558.963 704.042 291.193 
313.159 215.197 167.252 442.938 
628.039 155.866 296.189 122.584 
415.131 83.8697 184.511 245.52 
53.3541 307.887 575.42 284.037 
72.7453 286.818 529.551 311.481 
46.6757 259.11 531.703 258.68 
78.4472 306.407 599.943 299.805 
420.006 559.038 237.43 443.86 
577.534 267.541 501.029 197.145 
276.036 178.322 144.53 440.419 
49.5048 328.997 225.021 304.794 
606.909 249.637 184.511 245.52 
485.762 356.237 204.458 362.417 
51.6761 320.968 585.316 295.31 
613.132 560.999 704.042 291.193 
40.7648 424.091 665.878 382.683 
19.4008 252.383 536.119 311.606 
321.713 142.431 193.669 383.484 
434.282 77.6037 192.23 216.117 
46.0224 275.288 545.501 270.947 
305.642 107.089 142.523 396.917 
50.899 209.792 490.425 218.881 
430.026 105.386 147.216 437.301 
