176
402.332 203.655 263.436 42.9396 
376.257 212.271 225.787 55.5482 
364.495 214.014 94.0752 68.3193 
360.061 215.473 225.787 55.5482 
259.552 216.001 123.649 442.018 
611.452 220.453 968.075 391.181 
699.2 227.906 867.424 166.097 
694.061 234.854 851.4 183.405 
696.651 236.181 858.89 187.253 
105.224 245.351 457.876 56.9511 
429.033 246.104 337.087 21.2485 
429.033 246.104 337.087 21.2485 
645.877 249.485 730.448 198.102 
687.93 249.509 832.845 217.37 
687.93 249.509 832.845 217.37 
698.503 249.673 862.684 221.013 
400.437 250.727 247.206 33.8149 
633.356 256.429 704.376 206.889 
642.583 256.557 722.747 213.702 
701.039 256.911 869.554 237.507 
653.031 259.513 745.215 227.7 
549.767 262.053 651.034 95.7314 
555.427 276.793 658.442 137.929 
669.661 288.679 601.456 95.3742 
444.351 289.455 379.759 127.836 
386.468 311.638 200.017 183.802 
389.845 314.474 210.925 189.819 
678.139 320.129 799.091 386.217 
638.984 323.428 708.943 373.777 
692.897 323.876 839.212 399.88 
692.897 323.876 839.212 399.88 
346.288 329.665 78.0327 226.58 
697.463 331.425 851.134 419.943 
637.117 333.643 703.799 395.821 
499.508 334.314 521.961 252.792 
502.537 336.96 527.268 261.065 
515.013 341.425 550.325 281.681 
663.541 352.012 760.047 455.73 
422.395 367.042 303.328 316.756 
530.483 428.254 354.601 615.438 
757.022 457.535 980.801 245.003 
361.799 497.146 51.6176 650.593 
393.677 497.344 123.652 665.171 
372.425 503.234 67.6167 674.822 
403.719 508.451 126.856 704.918 
363.943 518.046 25.1765 715.246 
402.034 221.554 225.787 55.5482 
412.453 221.692 264.916 33.7695 
367.344 231.691 264.916 33.7695 
693.697 237.367 849.994 187.898 
701.21 240.501 872.212 197.506 
693.239 246.096 846.919 210.434 
636.797 249.616 711.609 191.359 
667.407 249.994 779.2 211.514 
675.441 250.08 799.475 215.205 
648.962 256.032 736.113 215.929 
698.773 258.914 861.935 242.571 
698.773 258.914 861.935 242.571 
659.425 259.579 758.986 230.688 
675.369 259.316 798.24 236.977 
682.814 259.812 817.69 240.576 
552.834 273.458 652.822 128.374 
494.527 288.243 528.244 128.79 
494.527 288.243 528.244 128.79 
686.374 327.261 820.439 406.2 
350.861 328.843 90.7716 225.153 
692.981 332.557 838.038 420.806 
511.067 334.023 544.771 259.357 
505.405 335.887 533.523 259.889 
419.446 338.213 298.053 246.574 
461.115 342.765 425.208 258.255 
502.861 345.529 524.899 284.182 
682.111 346.646 806.923 451.22 
512.307 363.969 527.268 261.065 
415.838 400.038 279.348 395.281 
366.719 403.405 131.615 401.87 
356.589 406.74 101.173 409.208 
605.476 437.596 510.506 680.601 
402.932 454.582 555.046 549.409 
442.671 471.232 123.652 665.171 
405.33 504.523 671.298 374.429 
399.991 225.569 185.796 53.2624 
399.991 225.569 185.796 53.2624 
671.405 256.658 788.583 228.023 
671.405 256.658 788.583 228.023 
705.042 257.527 881.162 241.216 
435.05 268.405 352.849 76.4814 
438.474 298.866 359.473 151.888 
392.204 305.098 217.835 167.843 
336.501 328.377 49.5767 223.453 
643.5 330.806 717.399 392.508 
633.724 333.937 697.386 393.964 
680.012 343.473 800.067 444.392 
512.035 349.532 541.253 300.325 
393.472 378.068 214.158 342.866 
433.619 379.765 336.03 347.553 
548.663 387.416 604.027 420.115 
394.316 395.591 213.86 383.834 
410.521 401.614 263.752 399.115 
342.084 407.251 58.1941 409.874 
560.609 484.152 488.73 672.321 
560.609 491.284 491.856 667.552 
622.956 491.778 425.295 653.621 
717.98 512.697 823.064 168.901 
698.462 244.347 861.917 207.135 
658.456 331.097 749.679 402.629 
688.295 332.284 824.122 418.786 
670.023 348.532 776.837 450.477 
507.968 359.343 530.131 322.206 
381.821 363.808 180.675 308.885 
403.838 384.414 245.368 358.303 
403.838 384.414 245.368 358.303 
441.149 389.266 358.518 370.727 
441.149 389.266 358.518 370.727 
388.124 411.002 197.368 419.497 
388.124 411.002 197.368 419.497 
360.5 422.257 110.774 445.51 
346.87 427.14 71.5632 455.786 
581.655 428.209 471.589 639.318 
524.216 446.8 311.689 668.114 
384.581 465.917 147.853 566.305 
363.078 475.493 86.866 586.568 
601.318 487.618 446.736 661.008 
643.321 244.178 727.602 184.848 
679.849 245.721 811.229 206.305 
651.355 275.222 738.386 263.802 
449.382 276.662 396.56 95.0912 
390.457 297.954 213.904 149.959 
397.971 300.477 235.971 156.701 
330.576 306.992 32.2817 172.597 
345.157 317.041 75.4093 196.26 
389.695 322.837 209.062 210.859 
675.313 338.958 790.357 430.69 
388.427 345.811 201.184 265.486 
400.744 367.337 238.878 317.056 
370.604 399.481 143.17 392.558 
460.908 262.78 431.95 60.6228 
443.035 284.718 375.962 116.142 
639.142 308.733 710.039 336.523 
634.733 329.315 699.817 383.844 
493.389 340.372 507.988 266.83 
445.156 342.649 375.838 255.596 
363.621 361.749 126.898 303.622 
488.603 368.577 486.636 332.257 
480.489 375.033 469.939 343.486 
425.191 395.237 305.652 384.673 
354.065 395.378 95.5141 382.864 
344.966 295.922 75.8509 146.066 
433.703 300.066 344.044 155.213 
444.697 301.74 378.673 158.177 
342.203 306.704 64.9389 171.927 
433.22 336.384 339.387 243.018 
409.705 341.878 268.109 256.093 
373.789 361.067 158.126 299.342 
423.329 369.188 305.676 321.506 
351.648 375.661 89.3112 335.901 
609.679 476.356 434.849 668.004 
403.928 282.139 255.5 110.965 
454.985 290.716 411.592 129.986 
454.985 290.716 411.592 129.986 
508.074 298.913 552.529 164.231 
355.93 310.024 110.487 180.356 
399.233 312.535 239.157 185.423 
427.203 316.36 322.724 193.165 
427.203 316.36 322.724 193.165 
394.688 335.207 220.819 241.182 
380.227 338.896 177.768 249.022 
385.976 375.046 193.383 340.925 
423.419 382.579 309.152 353.016 
369.979 404.774 141.184 403.768 
506.754 337.363 535.653 265.763 
412.098 357.172 272.397 294.251 
372.424 297.75 159.404 152.619 
372.424 297.75 159.404 152.619 
399.883 308.994 241.526 184.367 
368.91 381.555 143.39 349.316 
