0.660478
0.598965
0.673602
0.451004
0.688551
0.69292
0.572695
0.474851
0.532132
0.672202
0.469114
0.46739
0.51023
0.335078
0.388014
0.506881
0.531399
0.68947
0.627698
0.375712
0.513035
0.649456
0.545752
0.674391
0.663022
0.615349
0.644189
0.344304
0.534726
0.656234
0.56934
0.61827
0.414132
0.48568
0.581887
0.437474
0.421873
0.424102
0.445572
0.66289
0.661571
0.430104
0.687411
0.688079
0.646415
0.451804
0.600749
0.572763
0.668658
0.461632
0.600549
0.228933
0.534929
0.556623
0.531924
0.594429
0.381346
0.311468
0.492088
0.304799
0.371959
0.599741
0.536672
0.529943
0.344916
0.349706
0.319297
0.664539
0.383021
0.335906
0.61711
0.590534
0.470571
0.639796
0.667844
0.321148
0.431667
0.693699
0.684137
0.663897
0.697725
0.680507
0.674029
0.443827
0.545391
0.579808
0.46498
0.544166
0.491161
0.457847
0.635014
0.518423
0.475827
0.473552
0.466088
0.345906
0.303442
0.504022
0.536528
0.356867
0.684307
0.651405
0.699358
0.599274
0.684788
0.391167
0.383739
0.423362
0.567227
0.421722
0.358569
0.463021
0.538115
0.502266
0.593443
0.606593
0.575026
0.394672
0.697818
0.687262
0.553797
0.636839
0.699539
0.665848
0.682212
0.696073
0.608092
0.58585
0.429313
0.456262
0.448688
0.377461
0.308073
0.535181
0.440305
0.458756
0.617052
0.517699
0.655335
0.53957
0.691874
0.674357
0.632788
0.54547
0.588628
0.479596
0.429662
0.328112
0.620552
0.436147
0.454639
0.661157
0.43757
0.361856
0.535693
0.603997
0.660641
0.474833
0.588111
0.581745
0.644964
0.557241
0.573724
0.525481
0.533961
0.512848
0.481862
0.465985
0.677388
0.393371
0.507112
0.371597
0.355244
0.356331
0.503349
0.47244
