163.074657 524.093910 1 112.291700 470.054766 1
178.028270 443.983743 1 131.033970 370.047065 1
197.045687 406.025100 1 154.883810 321.212700 1
600.008896 502.339244 1 634.056004 454.940720 1
585.199339 587.906071 1 623.012835 554.726485 1
376.163654 589.065431 1 387.328645 545.074862 1
326.768072 275.312797 1 322.169159 140.047238 1
258.752775 836.059356 1 231.982442 866.075077 1
577.067406 632.006160 1 592.032051 609.697497 1
428.504944 258.198817 1 446.569437 137.415188 1
176.911845 284.087885 1 128.308781 161.021148 1
207.786015 926.240985 1 162.250410 1010.437041 1
