474.813445 422.959418 1 461.062518 414.469232 1
505.104103 442.320457 1 494.043125 434.152152 1
641.222627 619.829289 1 618.481854 613.696762 1
566.576160 180.061972 1 608.452418 167.860087 1
874.550074 64.901614 1 922.832312 43.071451 1
707.591426 138.944801 1 749.415242 122.955936 1
263.091738 492.054595 1 273.061941 481.279706 1
425.968417 281.479272 1 413.494707 274.205098 1
471.086360 268.006769 1 459.583066 259.808227 1
755.597663 381.964298 1 784.378956 371.931421 1
147.137904 577.027924 1 154.935910 563.184843 1
434.325217 606.706368 1 410.553965 597.381828 1
