35.019360 237.057943 1 55.017687 317.291205 1
51.385775 52.038894 1 74.028267 133.028224 1
375.311599 265.859392 1 161.167773 257.624921 1
392.081700 619.856403 1 160.061318 670.152050 1
320.759945 528.056403 1 130.996840 570.003681 1
520.122072 363.941346 1 312.128729 350.342567 1
512.585964 137.236237 1 321.874141 94.985621 1
713.525534 441.774030 1 675.390222 448.767914 1
879.563408 484.438293 1 927.508260 491.529438 1
844.965410 218.090059 1 852.875795 177.078912 1
749.913352 72.126143 1 704.309852 17.700186 1
560.818550 76.090623 1 398.101325 24.912622 1
