364.894827 329.547294 1 60.064074 231.551958 1
375.909134 397.161633 1 54.944478 322.493959 1
388.311366 297.693018 1 95.108087 166.802179 1
435.966118 370.832471 1 136.348441 232.149358 1
434.049732 393.234809 1 135.171019 272.805946 1
505.786616 312.390536 1 301.240286 131.637118 1
487.941117 494.115800 1 238.827208 428.898974 1
698.100464 468.748196 1 895.899918 449.280263 1
754.061789 278.463847 1 913.280889 115.871927 1
638.087138 408.270587 1 754.024363 373.389492 1
589.866078 400.677141 1 648.671587 370.961997 1
582.900237 418.212199 1 541.639342 324.448286 1
