0.663435
0.554904
0.592759
0.451034
0.671517
0.482667
0.181413
0.386427
0.463508
0.664251
0.392252
0.365264
0.696336
0.694378
0.489722
0.617005
0.554032
0.681793
0.698047
0.269259
0.364739
0.415145
0.427762
0.373631
0.231097
0.45908
0.357751
0.535796
0.468324
0.638901
0.326414
0.371007
0.608398
0.476975
0.438753
0.488373
0.628268
0.365505
0.61776
0.547811
0.490771
0.271107
0.367215
0.559417
0.147719
0.50211
0.627807
0.489312
0.261191
0.367408
0.566714
0.522385
0.601329
0.644476
0.486387
0.556203
0.251776
0.296553
0.673405
0.399532
0.50007
0.549294
0.519438
0.411683
0.317751
0.442122
0.479946
0.2307
0.36702
0.212422
0.294298
0.463077
0.31417
0.454829
0.664116
0.654281
0.654889
0.585405
0.630162
0.541802
0.564525
0.458096
0.462589
0.264533
0.0734276
0.381171
0.245137
0.52901
0.491762
0.651006
0.563826
0.413953
0.433483
0.278513
0.491765
0.367916
0.509601
0.184304
0.275656
0.581677
0.574822
0.405519
0.583971
0.558819
0.385957
0.374476
0.444292
0.456384
0.524876
0.262561
0.518317
0.409203
0.365739
0.485289
0.441998
0.500997
0.454872
0.591479
0.606894
0.675111
0.401172
0.455323
0.329634
0.256275
0.296298
0.310275
0.677032
0.636238
0.451754
0.49197
0.46843
0.484886
0.242805
0.434195
0.243385
0.36269
0.326378
0.447951
0.427057
0.682799
0.63417
0.49361
0.529235
0.517995
0.608076
0.395566
0.600991
0.536148
0.474407
0.675303
0.477246
0.637155
0.593395
