153
335.14 218.025 327.303 212.031 
273.232 212.942 269.626 204.793 
346.019 196.037 339.603 190.556 
232.258 236.69 236.632 222.823 
218.408 277.584 225.902 254.087 
398.833 229.205 403.674 228.278 
270.074 214.563 266.966 206.372 
380.548 182.738 379.979 176.314 
346.74 207.882 340.534 202.491 
227.433 244.008 232.993 228.148 
378.849 146.83 378.801 137.2 
281.244 217.218 276.605 209.002 
91.6177 311.802 154.076 264.828 
365.055 181.107 362.197 174.278 
372.888 210.342 370.927 205.293 
281.515 399.674 270.027 368.972 
412.862 146.169 426.331 132.37 
232.258 236.69 236.632 222.823 
252.001 389.608 247.042 351.133 
258.113 345.943 253.397 316.273 
281.244 217.218 276.605 209.002 
378.849 146.83 378.801 137.2 
168.548 245.532 195.443 225.818 
85.6286 401.41 149.422 321.528 
346.696 194.982 340.165 189.665 
266.987 343.549 260.741 316.135 
377.143 271.299 370.93 271.379 
281.244 217.218 276.605 209.002 
390.479 229.665 391.133 227.998 
155.322 238.088 187.911 220.393 
219.627 44.5933 233.206 70.498 
376.707 276.352 370.025 276.392 
444.211 365.6 466.533 405.948 
184.248 219.005 205.33 207.441 
68.2193 230.514 144.862 211.108 
131.186 182.575 176.452 180.745 
186.815 323.996 205.178 285.201 
103.146 228.676 161.159 211.146 
365.249 276.85 356.215 274.651 
278.004 210.3 273.129 202.459 
245.246 343.464 243.892 311.284 
135.122 220.03 177.577 206.372 
221.077 329.327 227.216 295.076 
465.38 225.039 512.018 230.576 
469.672 270.496 511.502 292.946 
76.1959 118.672 151.839 141.864 
388.086 168.557 390.064 160.518 
116.908 208.821 168.887 198.398 
202.308 324.492 215.066 288.102 
109.854 197.63 165.077 190.822 
145.338 182.852 184.019 180.826 
168.217 365.187 193.205 312.516 
416.548 123.677 432.042 105.648 
303.452 365.521 291.496 345.873 
387.153 143.787 389.966 133.369 
143.398 383.369 178.966 320.422 
395.636 191.471 399.933 185.566 
304.404 360.404 291.798 341.004 
78.2655 308.973 148.127 260.991 
115.905 203.322 167.903 194.67 
294.138 399.631 279.838 373.182 
303.452 365.521 291.496 345.873 
385.617 164 387.603 155.77 
215.958 318.917 223.902 286.672 
278.06 404.198 266.445 371.82 
75.6329 400.417 144.843 320.589 
369.597 214.544 367.371 209.778 
155.748 48.3375 192.576 84.5249 
136.78 185.875 179.393 182.968 
375.843 217.386 373.65 213.571 
124.285 186.979 172.63 183.868 
231.04 392.376 232.279 347.682 
435.111 248.972 454.822 256.603 
414.491 239.97 423.943 242.67 
274.26 378.187 266.239 348.372 
245.067 303.759 245.196 280.304 
435.798 312.094 451.622 335.165 
404.55 196.636 414.675 193.204 
127.653 220.368 173.619 206.357 
354.941 194.845 349.697 189.018 
182.448 418.656 198.89 355.204 
415.366 255.416 423.69 261.171 
216.076 41.7732 230.863 68.6034 
448.185 364.965 472.903 407.242 
425.005 262.483 437.738 271.064 
311.338 364.167 298.174 346.775 
234.816 43.6846 243.989 66.4782 
464.529 312.39 501.299 346.627 
188.548 39.1084 212.833 71.9895 
147.361 364.786 181.325 308.448 
137.712 227.567 178.807 212.694 
117.937 176.959 169.483 177.184 
179.815 369.405 200.034 317.895 
424.701 237.38 440.032 240.196 
406.876 231.009 414.01 231.144 
443.627 238.879 472.822 246.52 
461.244 188.307 507.483 181.314 
145.338 182.852 184.019 180.826 
128.648 392.237 170.553 324.037 
140.082 50.6315 184.129 89.0006 
433.246 249.434 452.046 256.867 
334.176 233.976 325.549 228.301 
432.091 231.427 452.358 234.715 
78.2773 166.459 152.408 170.796 
463.18 126.293 513.422 98.0431 
118.267 434.036 173.505 352.038 
117.937 176.959 169.483 177.184 
416.615 371.955 422.142 398.294 
465.113 118.153 516.825 86.4653 
182.88 50.9899 208.392 82.4136 
117.133 329.295 167.301 279.366 
457.898 191.772 500.13 186.494 
157.702 362.884 186.892 308.86 
443.956 167.096 475.428 154.231 
128.648 392.237 170.553 324.037 
442.9 315.539 464.198 343.441 
87.0909 266.665 153.135 235.376 
202.308 324.492 215.066 288.102 
117.605 39.7102 172.323 84.4835 
70.7142 52.0428 149.659 99.8037 
450.919 145.229 488.089 125.643 
100.97 177.153 162.919 176.393 
403.141 141.816 412.722 128.996 
132.042 427.395 170.824 348.684 
422.259 157.081 440.194 145.201 
252.262 360.978 247.923 327.244 
414.666 283.1 420.471 293.144 
429.538 368.318 441.52 400.715 
313.157 368.144 299.791 351.456 
422.69 240.669 435.701 244.963 
444.211 365.6 466.533 405.948 
179.193 57.4542 205.922 87.6671 
454.965 120.606 502.932 92.5406 
451.735 308.561 480.15 336.47 
374.466 245.22 365.984 240.399 
466.005 253.11 508.622 268.415 
136.499 430.558 173.505 352.038 
71.8401 354.695 144.445 289.715 
100.471 422.362 156.689 338.212 
88.801 434.774 150.224 344.586 
63.9581 21.216 482.865 66.8683 
100.471 422.362 156.689 338.212 
407.965 254.082 412.94 257.67 
465.444 171.138 514.819 157.795 
388.086 168.557 233.206 70.498 
432.448 176.253 456.128 166.206 
166.153 279.795 195.311 253.381 
435.241 301.082 450.06 319.776 
381.465 384.357 373.351 394.484 
208.016 46.6305 225.556 73.6449 
289.809 358.881 465.095 335.61 
68.6013 290.466 508.83 282.064 
277.763 399.681 266.825 367.799 
