446
514.737 89.5685 152.374 249.629 
773.815 146.059 546.529 273.946 
773.815 146.059 546.529 273.946 
345.006 146.366 110.625 322.441 
345.006 146.366 110.625 322.441 
540.077 236.62 475.657 345.29 
414.081 259.573 544.967 377.776 
402.293 268.732 817.062 440.967 
263.498 278.495 638.432 354.937 
722.745 278.333 638.432 354.937 
374.134 318.948 570.917 398.439 
381.47 325.054 464.329 387.161 
383.917 330.277 436.917 423.108 
484.227 344.57 570.917 398.439 
160.584 357.176 300.71 631.541 
230.172 367.875 162.831 266.635 
574.915 367.907 478.562 416.889 
574.915 367.907 587.955 331.053 
551.562 372.372 478.562 416.889 
87.9494 451.528 542.2 403.968 
702.924 456.046 624.102 399.08 
710.094 456.375 624.102 399.08 
216.531 458.54 452.598 338.798 
215.417 461.056 449.831 335.963 
458.272 461.056 183.334 264.604 
14.001 462.513 469.429 340.111 
304.534 505.111 472 373.096 
299.522 45.3434 472.647 342.801 
300.089 192.943 198.991 384.467 
419.724 260.651 520.585 390.456 
571.827 282.534 23.8317 283.486 
446.76 318.009 436.391 333.508 
502.422 327.943 564.568 397.403 
485.636 332.64 564.568 397.403 
391.859 335.397 469.475 390.747 
414.584 361.767 476.336 419.366 
512.294 409.264 123.362 324.114 
297.36 422.571 392.07 210.588 
165.221 425.111 90.1332 306.556 
460.816 463.894 185.462 268.072 
635.231 471.265 542.2 403.968 
579.203 476.966 480.958 407.561 
577.298 514.918 478.83 423.028 
244.357 525.626 373.255 416.716 
318.855 528.266 255.318 360.933 
484.575 543.894 545.309 422.585 
328.863 95.5015 399.807 233.706 
391.538 363.675 407.592 349.786 
575.955 395.235 484.001 374.481 
45.9782 415.226 275.164 354.877 
174.754 441.558 313.368 371.373 
577.974 449.914 482.31 397.868 
824.785 451.378 477.718 435.918 
824.785 451.378 477.718 435.918 
577.428 497.634 478.562 416.889 
367.702 516.613 171.641 387.321 
608.34 74.6369 517.225 242.205 
680.948 117.408 542.403 263.926 
575.431 129.903 498.76 262.96 
15.2611 134.421 265.9 233.069 
248.715 234.23 355.12 287.495 
324.905 263.495 387.575 304.744 
504.05 288.765 460.528 325.719 
310.958 293.936 379.531 316.129 
319.927 295.773 383.339 317.558 
769.914 330.725 568.1 358.487 
437.325 333.308 430.404 340.128 
504.732 347.81 459.608 343.531 
303.325 353.845 373.681 340.97 
608.907 357.662 500.529 359.898 
417.922 365.961 419.132 352.537 
634.095 367.823 510.095 365.758 
500.101 372.035 454.208 360.344 
429.029 372.573 425.155 356.293 
528.1 372.621 466.936 362.36 
528.1 372.621 466.936 362.36 
433.575 377.216 426.057 358.878 
773.743 379.139 565.862 378.447 
803.246 379.325 579.734 380.461 
778.05 383.858 567.476 381.316 
50.3076 409.897 264.702 350.041 
113.547 410.635 291.917 353.267 
751.545 416.741 556.167 392.551 
751.58 426.216 555.547 397.572 
497.946 435.945 450.038 387.192 
645.586 443.663 511.37 398.158 
344.812 445.138 542.2 403.968 
674.633 445.513 522.928 400.994 
354.136 447.663 388.811 383.556 
354.136 447.663 388.811 383.556 
504.723 448.436 452.687 393.211 
723.766 447.995 542.2 403.968 
679.708 449.636 525.422 402.519 
510.851 462.273 454.105 398.848 
682.127 476.574 525.007 414.278 
786.232 497.773 565.02 428.439 
335.092 90.43 402.676 232.917 
627.953 90.194 522.2 249.212 
627.953 90.194 522.2 249.212 
693.216 105.13 548.671 259.161 
639.612 110.102 525.876 258.242 
207.425 112.024 345.181 234.074 
254.5 116.147 364.352 238.031 
739.13 117.94 567.14 267.698 
739.13 117.94 567.14 267.698 
603.461 120.674 510.301 260.687 
747.908 124.195 569.992 270.585 
747.908 124.195 569.992 270.585 
699.268 124.592 549.907 268.231 
360.119 132.601 410.808 250.777 
822.724 132.205 601.046 278.7 
692.978 139.986 546.529 273.946 
692.978 139.986 546.529 273.946 
700.751 140.958 549.432 274.69 
709.418 140.755 553.057 275.285 
485.059 151.132 460.251 266.538 
458.505 154.797 447.321 266.564 
458.505 154.797 447.321 266.564 
501.719 163.678 466.606 273.202 
183.087 165.874 331.786 255.048 
183.087 165.874 331.786 255.048 
187.808 191.566 332.178 266.452 
187.808 191.566 332.178 266.452 
204.491 219.873 337.065 278.932 
483.901 231.962 454.883 299.493 
798.936 235.294 586.125 320.036 
378.437 265.883 410.324 308.611 
439.941 264.963 436.613 311.864 
385.809 270.312 413.015 311.3 
431.615 271.174 431.854 313.607 
257.053 289.864 355.353 311.197 
178.187 302.875 321.498 312.509 
224.85 305.832 340.684 316.501 
783.663 313.794 574.703 351.795 
45.7783 315.555 265.928 310.432 
678.841 317 532.53 347.682 
481.929 329.034 459.608 343.531 
196.356 330.261 327.816 325.47 
528.897 330.031 469.111 344.103 
506.587 331.348 459.608 343.531 
789.114 337.361 576.137 361.943 
789.114 337.361 576.137 361.943 
777.866 338.748 569.879 361.769 
215.381 348.921 334.488 334.063 
541.685 357.12 472.793 356.337 
549.392 363.803 474.415 359.195 
576.924 364.233 485.862 360.934 
412.681 370.608 416.308 354.372 
345.59 373.569 389.7 352.415 
624.173 377.056 505.621 369.334 
358.73 378.294 395.205 355.103 
809.806 379.995 581.858 381.219 
337.452 386.963 385.471 357.363 
229.208 391.335 340.743 352.529 
342.412 395.335 386.998 361.031 
509.838 402.09 457.389 373.745 
491.757 413.305 448.949 376.891 
56.0583 414.853 266.651 352.517 
510.62 418.383 456.277 380.192 
464.071 425.102 436.185 380.656 
824.059 445.444 584.527 408.542 
751.365 447.87 554.344 405.345 
602.909 449.931 493.718 398.785 
644.352 449.774 510.674 400.967 
168.642 455.59 310.689 375.665 
583.275 459.787 484.334 402.2 
162.727 461.903 308.492 378.659 
643.825 464.03 509.879 407.341 
780.448 480.338 564.492 420.998 
48.6168 484.54 260.053 380.814 
820.247 491.896 579.789 427.887 
514.43 501.239 453.725 414.969 
445.885 510.309 424.318 415.62 
630.48 513.692 501.023 427.433 
46.0197 527.317 256.575 398.474 
100.064 529.42 279.153 402.758 
439.203 534.039 420.066 424.839 
521.083 542.245 454.638 432.475 
436.056 547.995 418.135 429.992 
70.154 635.613 259.08 445.687 
542.402 662.297 454.882 485.085 
799.427 37.3653 597.37 238.114 
657.779 88.7641 534.884 250.615 
710.07 102.666 555.375 259.302 
326.729 113.168 398.283 241.484 
765.462 117.398 577.605 269.002 
729.31 118.465 562.446 267.119 
502.938 125.161 469.358 257.121 
14.4614 126.644 265.305 230.01 
253.986 129.408 363.426 244.141 
494.073 153.265 463.962 268.581 
494.073 153.265 463.962 268.581 
487.413 163.069 460.74 271.927 
214.729 169.17 344.552 258.458 
368.546 224.592 406.091 290.531 
261.027 231.783 360.556 287.211 
592.13 247.222 500.098 313.619 
592.13 247.222 500.098 313.619 
820.934 259.369 594.092 331.923 
447.879 271.23 438.986 314.633 
498.209 274.262 459.502 318.968 
352.007 286.078 397.643 315.08 
39.0838 295.952 264.522 301.813 
530.662 297.387 471.79 330.537 
79.5841 304.077 280.445 307.446 
624.667 317.132 509.497 344.382 
798.999 317.214 581.891 354.239 
798.999 317.214 581.891 354.239 
198.731 325.456 328.741 323.42 
198.731 325.456 328.741 323.42 
86.3114 328.611 282.231 318.196 
163.048 328.555 314.031 322.304 
376.403 328.521 405.644 334.584 
216.225 331.853 336.086 326.902 
658.683 335.896 522.667 354.227 
680.253 340.129 532.089 357.261 
32.7727 344.373 259.157 321.648 
767.926 348.134 566.725 365.214 
231.199 351.405 341.15 336.027 
664.753 357.778 523.863 363.572 
788.959 359.133 574.917 370.41 
716.485 361.322 544.261 367.925 
66.4796 363.956 271.893 331.777 
671.869 365.305 526.618 367.086 
237.336 370.229 345.021 344.02 
364.98 370.454 398.047 351.634 
364.98 370.454 398.047 351.634 
397.02 370.941 410.18 353.636 
263.216 375.276 353.463 347.853 
372.626 376.172 400.701 355.056 
390.095 376.854 407.466 356.335 
732.176 387.489 549.98 379.951 
672.369 389.409 525.574 377.346 
173.141 392.41 317.195 349.334 
277.868 396.611 360.284 357.597 
437.837 402.643 426.738 369.442 
320.111 403.479 377.328 363.077 
583.786 408.826 487.737 380.526 
216.94 410.082 334.819 360.015 
709.675 422.63 538.455 393.4 
760.015 423.387 558.957 396.387 
789.003 424.082 570.917 398.439 
811.834 424.317 580.503 399.632 
109.23 430.453 287.785 362.095 
479.1 430.274 442.739 383.573 
151.651 431.123 304.324 364.786 
454.551 437.9 431.441 385.505 
599.986 441.854 492.156 395.469 
512.028 454.869 455.052 395.921 
236.487 456.209 338.507 380.296 
602.546 459.019 492.409 402.612 
591.374 465.357 487.557 404.328 
591.374 465.357 487.557 404.328 
632.981 466.731 504.799 407.588 
660.218 467.28 515.361 409.338 
49.2801 471.797 260.58 376.101 
95.062 473.07 279.435 379.131 
512.476 473.533 454.299 403.853 
373.524 475.942 395.833 396.915 
812.093 481.631 577.365 423.285 
436.414 486.659 421.69 405.015 
104.903 488.12 282.282 385.614 
307.145 516.896 381.271 412.712 
447.485 548.667 422.762 431.118 
167.076 603.121 300.541 438.508 
162.083 612.695 298.632 441.541 
162.083 612.695 298.632 441.541 
395.557 647.517 393.819 470.194 
506.07 75.5518 473.036 236.191 
333.72 100.791 401.457 237.044 
333.72 100.791 401.457 237.044 
639.805 102.215 526.501 255.032 
494.06 113.948 466.081 251.661 
263.768 116.212 368.37 239.053 
651.148 119.442 530.368 262.97 
332.728 122.04 399.772 245.628 
569.853 122.618 496.211 259.577 
730.534 128.374 562.961 271.521 
280.152 131.492 375.981 246.24 
471.819 133.909 455.869 258.393 
471.819 133.909 455.869 258.393 
342.022 157.652 401.292 260.533 
674.057 179.092 174.626 189.175 
682.281 190.089 540.512 294.751 
612.638 192.156 512.514 291.215 
176.206 194.04 327.414 266.587 
368.169 194.549 407.542 277.986 
628.532 193.536 518.746 293.004 
628.532 193.536 518.746 293.004 
584.923 201.578 499.93 293.82 
584.923 201.578 499.93 293.82 
367.89 214.787 405.86 286.372 
367.89 214.787 405.86 286.372 
588.558 214.376 501.288 299.141 
184.989 217.375 329.765 277.067 
749.079 229.992 564.43 314.998 
222.551 231.322 344.082 284.997 
588.397 236.724 498.929 309.133 
650.524 252.663 522.087 318.453 
682.404 253.258 537.102 320.88 
569.217 270.364 489.741 321.813 
265.498 284.993 359.45 310.152 
799.062 297.898 583.061 346.451 
529.414 299.545 471.133 331.539 
597.902 338.007 497.219 351.496 
526.421 341.662 467.558 349.07 
544.393 345.617 474.501 351.766 
749.063 350.145 558.784 365.193 
790.077 356.56 574.917 370.41 
40.3949 359.032 260.877 328.464 
42.65 370.248 261.388 333.017 
354.533 370.201 393.865 350.98 
354.533 370.201 393.865 350.98 
732.647 388.303 549.98 379.951 
518.67 394.426 461.001 371.057 
547.776 395.932 472 373.096 
547.776 395.932 472 373.096 
468.277 403.619 439.163 371.666 
468.277 403.619 439.163 371.666 
535.314 406.937 467.198 376.704 
600.174 408.421 494.065 381.33 
600.174 408.421 494.065 381.33 
92.5144 414.37 283.849 354.848 
590.53 416.44 489.908 384.149 
816.182 415.537 582.59 396.371 
400.025 434.001 408.584 380.464 
48.4946 442.491 261.82 363.522 
229.648 441.696 336.955 373.975 
178.027 452.139 314.652 375.349 
606.084 471.785 493.206 408.197 
515.296 484.411 455.061 408.195 
581.769 511.152 478.83 423.028 
37.2892 550.66 251.532 407.929 
37.2892 550.66 251.532 407.929 
47.8958 551.406 255.672 409.503 
184.783 642.314 306.67 455.428 
686.867 104.331 546.028 258.645 
740.289 138.781 566.076 276.316 
770.644 152.233 577.701 283.661 
518.246 162.905 472.773 273.414 
481.337 173.519 457.846 275.998 
618.9 204.371 513.998 296.925 
302.862 215.776 380.812 282.843 
699.053 226.533 544.06 310.262 
699.053 226.533 543.922 310.381 
789.395 236.777 581.686 320.109 
709.384 238.662 547.502 315.977 
834.243 246.678 598.533 326.806 
774.073 249.95 573.679 324.692 
721.159 251.541 551.897 322.05 
810.672 310.794 586.901 352.52 
80.6833 338.722 279.797 322.789 
364.327 336.516 400.183 337.69 
385.717 340.415 407.658 339.522 
371.642 350.539 401.895 343.384 
311.12 358.02 376.633 343.219 
685.407 365.269 531.811 367.936 
672.76 377.969 526.215 372.441 
683.879 390.258 529.943 377.815 
327.009 391.46 380.848 358.591 
487.096 401.626 447.726 371.737 
154.549 409.609 308.691 355.547 
116.375 416.482 291.816 357.78 
355.497 430.895 390.268 376.58 
133.99 431.321 297.422 363.857 
652.105 437.471 514.335 396.65 
150.831 452.771 303.344 373.878 
165.201 452.012 309.873 374.76 
165.201 452.012 309.873 374.76 
212.828 467.658 328.183 383.613 
423.833 481.384 416.095 402.145 
423.833 481.384 416.095 402.145 
186.287 571.179 310.333 425.793 
628.111 114.561 521.404 259.218 
669.247 114.419 538.083 261.828 
308.655 150.729 386.516 257.291 
304.7 171.534 382.751 265.445 
634.405 248.503 517.355 315.263 
725.786 288.616 551.934 337.987 
725.786 288.616 551.934 337.987 
281.733 291.019 365.794 312.577 
264.518 345.947 355.853 334.953 
473.861 348.44 445.654 348.777 
596.232 355.395 495.921 358.879 
759.773 366.596 562.373 372.779 
822.754 366.284 587.46 375.605 
262.828 367.673 354.212 345.008 
219.434 371.461 336.988 343.664 
318.361 373.723 377.748 350.191 
318.361 373.723 377.748 350.191 
246.256 376.805 347.302 347.289 
78.0235 394.867 277.714 345.261 
272.316 407.792 357.796 361.932 
41.2738 415.871 260.424 351.729 
813.548 468.254 578.083 417.925 
475.342 469.767 438.96 399.955 
640.772 487.324 506.738 416.846 
240.531 214.637 352.544 278.681 
271.96 226.711 366.678 285.777 
438.146 300.484 432.776 326.688 
495.854 299.81 457.129 329.061 
495.854 299.81 457.129 329.061 
230.296 303.417 342.888 315.913 
651.716 323.205 520.169 348.531 
801.138 328.492 581.109 359.027 
563.266 383.733 479.021 368.716 
738.904 395.928 552.05 383.354 
738.904 395.928 552.05 383.354 
100.816 444.172 284.333 367.599 
396.225 450.717 405.844 387.582 
737.419 446.372 548.037 405.167 
621.055 450.866 500.444 400.614 
659.87 453.035 516.806 402.907 
659.87 453.035 516.806 402.907 
70.4962 479.487 269.496 380.203 
534.382 226.017 479.158 301.842 
614.874 235.844 509.959 309.429 
192.874 386.791 326.475 348.38 
645.1 405.763 511.866 382.977 
710.424 404.84 540.196 386.299 
513.08 419.045 457.415 380.258 
444.773 475.269 425.783 400.533 
344.403 581.998 376.959 439.431 
99.6091 644.794 270.303 451.282 
454.966 211.962 444.34 291.054 
554.685 256.501 485.479 315.544 
466.676 301.321 444.681 329.468 
466.676 301.321 444.681 329.468 
188.012 421.877 316.36 363.158 
738.82 436.464 549.637 400.059 
620.782 118.484 513.557 260.721 
614.85 162.36 515.198 279.46 
204.667 212.349 338.835 276.46 
368.526 245.187 405.095 297.07 
527.258 326.997 467.683 343.377 
410.448 505.106 407.617 411.119 
800.917 63.419 597.588 249.737 
764.544 110.006 578.753 265.936 
609.422 489.418 493.354 415.736 
537.04 609.544 457.211 463.03 
656.512 285.61 524.699 333.414 
585.075 313.485 493.018 341.223 
240.584 407.228 343.442 360.308 
390.584 607.415 395.056 452.294 
429.294 195.228 433.983 281.839 
197.888 266.273 336.866 298.42 
