0.688365
0.579687
0.667477
0.666957
0.614033
0.668835
0.651971
0.66028
0.690205
0.348048
0.644518
0.6422
0.671152
0.641877
0.696303
0.578609
0.580872
0.524623
0.419484
0.693695
0.673436
0.628012
0.60477
0.681287
0.578597
0.530327
0.609391
0.672335
0.598097
0.637399
0.680479
0.603953
0.668273
0.472548
0.698071
0.668847
0.633912
0.63663
0.687997
0.687561
0.673538
0.527124
0.629006
0.67469
0.698023
0.685892
0.68674
0.636265
0.385624
0.532757
0.626334
0.670151
0.68238
0.566691
0.601066
0.667353
0.414671
0.695536
0.501322
0.451437
0.466788
0.517401
0.543268
0.465382
0.61432
0.638004
0.641659
0.56536
0.49431
0.517297
0.439101
0.428899
0.661012
0.579075
0.657318
0.53836
0.411539
0.605461
0.657115
0.640039
0.557153
0.46991
0.617295
0.492605
0.563075
0.530566
0.319155
0.562516
0.515319
0.669428
0.623005
0.521209
0.31371
0.504447
0.66306
0.315638
0.235905
0.379034
0.352309
0.358745
0.520872
0.678542
0.453804
0.438009
0.345213
0.441216
0.497202
0.585299
0.556243
0.424096
0.435039
0.567145
0.657432
0.460846
0.436872
0.447498
0.694173
0.438633
0.454149
0.351195
0.571816
0.306826
0.551568
0.606253
0.352459
0.412583
0.457624
0.372423
0.560733
0.643696
0.606975
0.557566
0.46518
0.333122
0.440644
0.572791
0.61849
0.431098
0.471809
0.248422
0.522056
0.511574
0.406592
0.530281
0.335568
0.361721
0.57921
0.309906
0.523699
0.455775
0.39783
0.463546
0.502944
0.316181
0.478613
0.526651
0.644079
0.593759
0.696296
0.368694
0.569578
0.634776
0.567777
0.470421
0.420351
0.678084
0.350542
0.466702
0.528522
0.471581
0.613097
0.316179
0.586646
0.496182
0.645155
0.574341
0.291104
0.537124
0.682726
0.422353
0.307455
0.315864
0.396316
0.652136
0.410738
0.509998
0.686945
0.311717
0.188291
0.253052
0.49446
0.309916
0.548398
0.488115
0.630113
0.331537
0.309509
0.397344
0.296916
0.487246
0.647877
0.241886
0.305571
0.605352
0.68956
0.321929
0.535825
0.350224
0.383964
0.395235
0.232613
0.625846
0.448934
0.531461
0.319122
0.55974
0.555607
0.464669
0.32872
0.299559
0.519342
0.563642
0.195553
0.279689
0.488647
0.675104
0.346652
0.216246
0.399844
0.352682
0.47996
0.430816
0.393312
0.541583
0.312788
0.342471
0.265246
0.686458
0.594794
0.441343
0.341501
0.303521
0.627179
0.314964
0.379742
0.412178
0.55958
0.277399
0.671448
0.489703
0.608599
0.673697
0.421414
0.53019
0.404901
0.570832
0.48047
0.474033
0.259151
0.436252
0.593976
0.214016
0.473013
0.396776
0.476713
0.478886
0.698663
0.590483
0.497352
0.694532
0.445514
0.434832
0.372211
0.354256
0.243502
0.159709
0.405659
0.29203
0.640301
0.266767
0.637558
0.64936
0.350887
0.309171
0.449721
0.471164
0.380516
0.414582
0.302201
0.472707
0.301583
0.331886
0.636329
0.460466
0.257659
0.563415
0.342208
0.407856
0.277578
0.292411
0.369727
0.383264
0.24965
0.229394
0.366189
0.391005
0.368805
0.609867
0.536893
0.455885
0.459035
0.343066
0.33269
0.365096
0.456715
0.464069
0.327665
0.692421
0.433833
0.488985
0.381393
0.442124
0.45631
0.259768
0.254465
0.321113
0.529324
0.469829
0.545372
0.519568
0.638702
0.578508
0.263489
0.381809
0.679921
0.368389
0.308542
0.620325
0.44669
0.586904
0.251808
0.363656
0.309561
0.458668
0.20518
0.348658
0.402868
0.327637
0.343627
0.329776
0.626046
0.587153
0.56167
0.302436
0.297024
0.515351
0.464946
0.385047
0.450547
0.590596
0.603923
0.229044
0.659387
0.313234
0.677125
0.579556
0.164565
0.239565
0.603227
0.343994
0.42512
0.272887
0.287082
0.558814
0.400678
0.391029
0.53142
0.288759
0.530961
0.435786
0.664091
0.504791
0.245795
0.52024
0.276226
0.43808
0.699248
0.403545
0.437279
0.390699
0.430182
0.523737
0.252471
0.381025
0.270532
0.365073
0.287175
0.304336
0.398402
0.278676
0.432469
0.232644
0.222637
0.549642
0.507952
0.274873
0.367749
0.264479
0.261329
0.382938
0.433786
0.504722
0.575402
0.436316
0.413085
0.299559
0.339602
0.354282
0.407053
0.672722
0.294834
0.587458
0.426714
0.680627
0.463135
0.308805
0.610394
0.546762
0.479825
0.535651
0.245343
0.219499
0.442973
0.658357
0.39631
0.314303
