1073
1106.47 378.856 363.99 317.357 
777.035 397.779 11.9189 309.891 
1011.79 409.313 230.647 707.464 
837.046 409.855 601.461 526.098 
1124.01 425.099 375.815 451.504 
1124.01 425.099 375.815 451.504 
1124.01 425.099 379.158 365.759 
987.029 434.005 267.524 389.936 
859.835 441.488 99.4201 363.086 
980.981 441.401 229.863 371.786 
1051.16 444.024 303.526 353.389 
874.908 444.561 128.886 368.331 
843.371 446.695 1419.41 537.07 
805.464 467.004 40.982 351.114 
945.37 467.014 1443.83 533.701 
1097.68 470.074 333.127 466.789 
806.699 470.782 41.018 389.616 
958.855 472.557 205.149 402.364 
1106.31 473.993 341.402 483.298 
1106.73 486.488 341.402 483.298 
1124.71 497.779 379.158 365.759 
915.76 499.809 104.953 583.462 
851.217 505.654 88.2476 429.418 
851.217 505.654 79.721 602.038 
1124.53 521.786 378.322 390.374 
851.002 529.153 79.721 602.038 
851.002 529.153 79.721 602.038 
848.647 550.427 77.0351 599.71 
1148.29 550.68 399.051 494.663 
1148.29 550.68 399.051 494.663 
1165.06 552.083 415.728 497.627 
1124.18 554.941 372.645 510.11 
556.385 555.416 1443.83 533.701 
876.855 558.407 113.422 486.516 
915.537 558.298 104.953 583.462 
1030.88 559.193 227.452 497.498 
1014.88 560.825 227.452 497.498 
1006.98 563.634 240.594 750.055 
887.457 565.63 134.955 594.178 
889.861 567.903 120.496 644.881 
958.425 568.59 200.31 501.823 
846.471 571.541 81.0161 473.993 
852.876 573.332 85.4341 431.939 
850.636 575.693 79.721 602.038 
873.081 580.397 104.953 583.462 
1012.11 582.966 272.202 518.879 
1357.1 588.004 584.221 577.507 
1089.61 595.247 328.558 533.758 
850.38 599.683 79.721 602.038 
918.451 606.474 147.852 736.613 
1180.3 607.651 428.831 554.905 
900.361 608.736 127.343 755.08 
900.156 612.982 142.828 442.488 
1506.66 613.442 749.987 575.456 
914.905 617.56 104.953 583.462 
1083.18 618.643 350.11 734.555 
1466.63 621.486 711.708 581.596 
1004.08 629.002 236.146 544.986 
1025.58 632.312 236.146 544.986 
1096.43 635.454 328.558 533.758 
1047.89 637.081 281.887 816.404 
1088.9 637.568 327.787 538.169 
849.914 646.524 79.721 602.038 
1051.12 648.988 300.043 444.321 
1394.36 651.911 680.907 646.336 
875.877 652.805 148.448 723.946 
886.721 659.903 127.343 755.08 
1111.12 663.977 350.11 734.555 
1116.58 665.541 328.558 533.758 
1116.58 665.541 333.062 784.486 
978.896 668.461 214.601 658.608 
889.279 673.926 116.302 744.532 
871.866 675.07 103.574 607.969 
915.056 675.894 104.953 583.462 
947.348 681.329 390.258 680.4 
1208.45 685.807 454.42 633.923 
851.919 691.691 85.4341 431.939 
931.093 695.962 79.721 602.038 
1394.97 697.868 680.907 646.336 
871.865 698.967 104.953 583.462 
914.646 699.875 104.953 583.462 
1019.35 701.283 258.037 641.507 
1420.06 704.891 661.35 688.282 
1027.53 707.152 211.996 780.012 
1160.92 706.819 389.695 676.908 
1422.02 707.347 643.5 608.609 
1146.03 710.091 410.216 667.125 
1146.03 710.091 389.695 676.908 
1626.46 711.542 879.436 675.534 
1082.04 713.836 352.839 624.783 
1285.35 713.855 558.503 703.626 
1048.03 714.613 281.887 816.404 
851.737 715.328 85.4341 431.939 
851.737 715.328 85.4341 431.939 
1056.31 716.204 300.517 564.554 
1299.17 720.103 542.656 671.067 
1090.33 722.669 350.11 734.555 
952.891 722.91 188.1 660.978 
1003.59 723.431 223.976 690.004 
1301.43 723.368 544.715 674.631 
868.566 724.186 95.0721 721.145 
874.982 724.175 105.554 647.087 
1103.52 725.209 350.11 734.555 
1135.47 727.4 376.18 694.457 
1112.07 732.956 343.11 766.243 
1557.59 736.863 792.711 697.333 
1015.56 739.125 253.652 679.25 
831.041 741.8 59.4888 626.934 
1010.84 744.317 247.981 684.959 
1626.82 744.793 857.578 707.388 
1135.18 748.819 376.18 694.457 
1140.85 748.884 389.695 676.908 
1666.09 750.7 893.383 714.027 
1561.69 751.563 796.303 711.665 
1146.63 752.552 389.695 676.908 
1550.54 752.549 796.303 711.665 
790.773 754.808 11.3887 687.919 
853.196 756.809 80.4944 692.549 
853.196 756.809 80.4944 692.549 
1146.91 759.073 390.356 651.816 
1161.42 759.664 389.695 676.908 
1200.12 762.554 443.482 711.034 
980.121 766.112 246.402 733.6 
1529.13 770.211 764.864 728.709 
1430.73 771.676 670.191 726.973 
910.86 781.686 141.528 720.548 
910.86 781.686 141.528 720.548 
1081.99 781.274 331.503 621.895 
1051.04 787.002 291.975 623.575 
1220.66 787.203 462.487 735.842 
1141.29 790.934 389.695 676.908 
882.686 796.266 139.982 427.599 
888.065 796.446 134.23 546.375 
1134.78 801.469 377.39 651.665 
1134.78 801.469 376.18 694.457 
1047.94 806.009 281.887 816.404 
1047.94 806.009 281.887 816.404 
1602.8 806.601 832.474 765.906 
1082.87 812.128 350.11 734.555 
1424.3 813.676 660.424 767.995 
214.345 817.599 1313.76 519.958 
1047.75 818.978 281.887 816.404 
927.212 821.09 80.4944 692.549 
1096.04 821.751 346.582 794.315 
1102.8 822.993 350.678 679.35 
1225.54 823.974 465.194 772.619 
1706.19 825.506 927.162 787.07 
1014.45 826.551 248.841 769.637 
1706.65 836.515 927.162 787.07 
1706.65 836.515 927.162 787.07 
1225.18 837.656 465.38 800.064 
899.301 839.625 134.955 594.178 
1630 841.072 858.135 799.268 
980.443 850.692 211.996 780.012 
980.443 850.692 211.996 780.012 
1197.99 852.381 437.484 800.482 
993.61 853.073 236.146 544.986 
4.23005 858.823 935.466 926.545 
1047.12 871.358 290.177 589.32 
995.858 876.526 210.432 820.063 
1268.4 878.702 503.997 786.602 
993.337 878.911 236.146 544.986 
993.337 878.911 236.146 544.986 
1002.7 879.021 235.671 809.562 
1042.93 884.46 278.309 762.5 
1628.25 887.272 852.155 843.548 
1658.83 891.126 880.989 848.151 
1005.86 897.696 378.424 647.899 
1005.86 897.696 378.424 647.899 
1021.62 899.126 253.479 844.121 
1307.33 898.884 544.122 849.217 
1182.73 901.708 419.275 849.58 
1206.84 901.403 443.867 849.627 
1292.39 901.549 529.062 851.668 
1350.22 901.493 585.794 852.365 
1522.19 903.514 752.356 857.478 
251.202 904.159 1450.14 903.933 
1022.27 906.888 254.458 852.046 
967.073 907.962 1443.83 533.701 
1517.74 908.213 747.568 862.07 
1021.09 910.884 253.152 856.159 
1666.74 912.586 887.157 868.809 
923.716 913.39 150.383 857.082 
1323.94 913.652 559.35 863.948 
1213.72 914.094 449.37 862.426 
1321.12 913.845 556.636 864.878 
1550.05 914.017 778.36 868.457 
1281.01 915.632 517.464 865.44 
879.451 916.554 101.977 859.817 
857.857 917.005 78.5522 860.205 
1024.05 917.001 256.043 862.157 
951.553 917.328 179.971 861.674 
1284.12 917.992 520.16 868.093 
1016.95 918.602 247.949 863.255 
1016.95 918.602 247.949 863.255 
954.999 918.853 183.088 863.312 
1238.54 918.994 474.152 867.297 
1091.06 919.338 339.916 866.42 
1173.15 919.726 409.018 867.341 
1023.91 920.787 255.548 866.271 
1102.74 921.514 337.014 868.295 
1012.14 921.932 243.062 866.834 
1346.76 921.857 581.384 871.957 
1016.97 922.908 247.933 868.077 
134.046 923.87 82.6352 884.383 
489.362 923.792 546.602 688.676 
1323.16 923.877 558.718 874.003 
1171.82 924.531 406.929 872.356 
1364.77 924.594 599.145 875.439 
974.022 924.854 202.884 869.583 
1501.31 925.966 731.292 878.895 
1677.09 931.927 895.187 886.942 
1682.65 931.99 900.477 886.986 
1109.65 933.314 344.128 880.412 
1118.92 933.496 353.705 880.536 
1128.23 933.902 362.534 881.167 
928.49 934.597 154.167 878.938 
942.809 934.235 168.461 878.704 
1108.98 936.033 343.521 882.943 
930.643 936.69 156.468 880.706 
979.498 936.955 208.013 882.396 
1131.56 937.022 366.378 884.464 
1131.56 937.022 366.378 884.464 
1007.15 938.79 236.661 884.135 
981.607 939.62 210.022 884.583 
1012.35 939.332 242.608 884.396 
1014.67 941.859 243.722 887.525 
1308.42 954.425 748.437 910.07 
1593.26 957.8 1507.91 691.708 
1268.54 1172.49 481.987 1119.63 
1652.99 1332.3 39.8546 1226.12 
993.014 370.537 216.973 321.421 
1108.82 382.949 389.022 354.905 
722.077 394.629 63.6667 312.641 
803.343 395.029 39.4768 308.533 
833.328 400.374 363.99 317.357 
1050.93 405.592 300.043 444.321 
1123.91 406.412 627.686 511.899 
996.237 411.516 246.837 342.074 
1002.44 436.058 236.269 368.301 
833.712 438.344 72.0205 358.278 
966.662 441.141 735.457 543.92 
877.995 443.406 107.666 365.793 
883.255 443.645 125.773 366.861 
867.124 444.046 107.666 365.793 
894.339 444.097 137.665 368.046 
857.243 444.522 97.173 365.928 
860.854 444.506 100.996 365.889 
900.713 444.558 143.93 369.028 
904.348 444.887 148.433 369.658 
819.474 459.132 56.9742 344.455 
951.817 461.867 197.649 390.878 
1051.58 469.222 300.043 444.321 
1012.47 471.8 261.241 405.31 
940.821 483.52 185.489 412.734 
915.946 488.551 158.959 416.011 
1030.82 499.18 278.156 460.634 
904.146 500.504 126.324 524.107 
987.567 500.257 236.269 368.301 
1018.14 506.784 265.309 441.696 
1012.17 507.31 259.247 441.826 
965.651 509.364 210.556 440.815 
912.638 512.338 144.233 648.425 
1425.81 524.618 675.265 484.628 
1448.43 525.993 697.561 487.568 
1402.46 533.72 652.621 492.01 
1460.05 538.578 1443.83 533.701 
1010.48 538.916 256.505 474.259 
1394.54 539.462 643.848 498.082 
953.499 549.451 188.624 636.974 
1142.24 550.573 392.681 493.957 
903.803 558.057 137.375 598.19 
981.401 560.441 220.476 586.235 
870.035 569.445 106.926 472.885 
1361.6 569.225 587.222 569.476 
1351.2 576.702 600.62 531.695 
1361.85 596.701 610.337 551.797 
1361.85 596.701 610.337 551.797 
1099.21 601.118 355.583 636.091 
642.883 601.696 363.99 317.357 
1099.33 603.798 355.544 639.271 
1099.33 603.798 355.544 639.271 
876.192 604.69 155.36 563.175 
531.954 609.463 1488.11 771.674 
1056.39 613.189 300.517 564.554 
1339.29 615.595 587.222 569.476 
918.324 618.079 155.36 563.175 
1377.96 621.506 624.392 595.74 
1157.74 623.114 405.216 568.32 
1339.08 624.961 586.183 596.604 
947.517 625.936 186.123 559.268 
1339.45 633.413 586.183 596.604 
1328.95 634.995 575.952 597.168 
996.409 637.82 237.056 574.958 
811.589 640.288 39.136 569.022 
869.244 640.342 94.4146 746.359 
1461.77 641.28 706.076 600.511 
1339.19 643.333 586.183 596.604 
947.316 648.193 186.123 559.268 
1027.32 649.12 269.365 589.185 
999.364 651.562 189.961 672.552 
1180.43 656.244 428.831 554.905 
1085.33 660.022 330.069 562.923 
1012.24 663.011 252.505 601.867 
903.096 664.061 137.375 598.19 
1085.71 664.029 339.313 700.591 
1099.46 663.98 355.583 636.091 
1537.64 665.167 776.891 627.072 
1164.95 671.632 410.5 617.366 
1375.2 674.554 619.984 629.338 
1557.77 676.256 795.884 638.689 
1556.8 679.846 794.49 642.175 
1106.04 681.438 355.544 639.271 
1370.68 683.98 613.26 688.435 
1192.5 684.699 438.527 631.922 
1375.43 684.729 618.401 689.167 
1546.21 685.146 784.253 646.615 
1631.7 688.333 863.464 653.506 
1109.88 689.084 336.612 693.465 
1558.41 690.868 795.692 673.668 
1557.08 694.32 793.643 676.953 
1509.95 696.886 750.108 649.594 
1604.51 697.059 838.673 660.334 
1604.51 697.059 838.673 660.334 
1558.71 698.059 795.692 673.668 
1540.59 699.262 778.577 660.504 
917.867 700.346 155.36 563.175 
955.5 703.04 266.445 369.892 
1106.03 703.116 340.225 671.195 
1370.5 704.059 613.26 688.435 
1370.5 704.059 613.26 688.435 
1559.23 705.337 795.547 680.651 
1394.75 707.149 680.907 646.336 
1471.64 706.801 711.436 703.452 
1557.39 708.665 793.962 669.982 
965.449 710.497 201.827 648.621 
868.531 711.656 95.0721 721.145 
1558.74 712.351 795.692 673.668 
1557.41 722.893 793.587 683.827 
1510.52 725.989 750.108 649.594 
1558.67 726.522 795.043 687.331 
1558.67 726.522 795.043 687.331 
412.174 727 224.446 312.854 
1105.93 728.146 337.847 735.41 
1557.66 730.174 793.511 690.896 
1541.17 732.115 778.451 692.172 
1227.59 733.923 471.744 682.877 
1102.73 737.862 336.612 693.465 
1592.12 738.874 825.369 700.373 
1227.54 739.793 471.372 688.137 
787.61 741.39 15.3048 674.68 
787.61 741.39 15.3048 674.68 
947.174 741.281 186.123 559.268 
1398.1 741.567 650.016 706.005 
1463.58 742.531 704.428 654.223 
1227.7 747.056 471.452 695.055 
1529.05 749.273 765.806 708.506 
1565.77 752.667 800.427 712.553 
784.63 753.44 11.9168 674.836 
1473.79 753.827 712.542 726.53 
1235.81 758.932 479.361 707.8 
1166.74 762.072 408.957 698.168 
1047.52 766.208 290.177 589.32 
1201.84 767.507 444.352 715.333 
1473.86 769.561 712.542 726.53 
1557.13 773.297 791.359 732.56 
1077.95 775.156 316.233 719.155 
888.377 784.216 126.324 524.107 
1002.07 790.51 236.838 732.707 
1099.28 790.931 337.847 735.41 
867.812 795.553 95.0721 721.145 
1002.86 796.06 237.65 737.959 
1661.65 798.851 887.716 760.233 
1415.18 799.966 652.237 753.692 
1017.65 802.616 253.025 745.122 
1011.7 802.758 246.507 745.069 
1448.87 802.858 685.727 757.799 
1051.57 805.927 289.038 722.676 
1441.81 806.4 678.871 761.333 
1441.81 806.4 678.871 761.333 
910.54 807.932 151.05 501.133 
1056.05 808.079 293.593 724.428 
1140.26 808.51 379.126 754.967 
1089.38 812.806 327.539 757.886 
1092.49 816.122 330.012 761.066 
1001.87 818.835 235.912 761.519 
1055.87 820.921 294.213 711.409 
1670.21 830.021 893.934 789.907 
1105.5 830.502 343.186 775.637 
867.604 831.254 106.926 472.885 
213.629 833.83 1134.12 932.117 
1246.63 837.64 486.467 773.395 
1268.14 837.291 508.013 787.068 
1112.85 843.173 355.583 636.091 
1021.74 846.482 255.524 789.583 
1313.11 846.713 551.297 797.533 
1055.65 847.102 293.593 724.428 
1289.21 846.942 527.143 797.208 
1670.53 846.822 893.964 795.439 
867.285 853.525 92.6493 793.219 
978.575 853.286 208.798 822.718 
978.575 853.286 210.114 783.165 
1255.36 861.529 494.575 810.806 
1703.54 861.906 923.23 820.168 
1254.18 864.868 492.885 814.409 
1215.3 865.439 486.467 773.395 
1184.28 865.757 422.327 813.365 
1050.69 871.23 300.043 444.321 
1478.52 878.056 711.533 831.804 
1625 889.619 849.329 845.78 
1628.34 892.479 851.882 848.845 
1645.56 892.432 869.33 849.067 
1644.74 895.469 867.674 851.908 
1033.98 897.487 267.235 842.447 
848.428 897.807 68.9658 839.388 
1112.33 898.496 333.866 844.675 
1112.33 898.496 333.866 844.675 
1532.89 898.816 762.041 853.189 
1197.2 901.665 433.235 850.201 
1091.76 903.216 325.929 856.817 
1091.76 903.216 325.929 856.817 
1247.45 903.018 483.644 852.099 
1247.45 903.018 483.644 852.099 
1021.59 903.499 253.816 848.384 
1021.59 903.499 253.816 848.384 
1088.36 903.532 322.879 849.818 
1105.46 903.583 325.929 856.817 
1693.73 905.033 911.614 861.396 
1165.73 910.62 400.886 858.21 
1295.03 910.649 531.967 860.516 
1115.66 913.296 315.882 846.671 
809.901 913.206 26.4091 854.86 
864.592 913.423 86.4287 855.826 
1006.04 913.428 236.7 860.003 
899.448 914.833 124.097 858.296 
978.824 915.602 208.08 860.253 
1002.69 915.809 233.39 860.694 
1084.77 915.932 318.858 862.497 
1084.77 915.932 318.858 862.497 
1091.77 915.864 326.093 862.421 
1098.74 916.085 333.422 862.872 
1118.85 916.062 354.207 863.138 
847.434 918.106 66.0865 860.778 
1695.95 917.98 912.926 873.67 
913.796 918.688 138.838 862.081 
841.177 919.027 60.1964 861.37 
1027.49 919.164 258.9 864.848 
889.311 919.5 112.432 862.816 
889.311 919.5 112.432 862.816 
1011.77 919.427 242.628 864.96 
1011.77 919.427 242.628 864.96 
1610.29 920.054 834.563 874.394 
974.311 920.426 203.093 864.991 
974.311 920.426 203.093 864.991 
1617.47 921.142 840.763 874.924 
1617.47 921.142 840.763 874.924 
1030.91 921.33 262.535 866.917 
1056.53 921.371 289.409 867.569 
872.788 921.944 94.0059 865.291 
983.732 921.643 213.165 865.952 
881.776 922.348 105.335 865.675 
887.678 922.469 109.885 865.687 
891.161 922.63 113.987 866.1 
891.161 922.63 113.987 866.1 
905.648 922.535 130.346 866.255 
919.481 922.751 144.858 866.763 
1299.51 923.632 535.311 873.466 
1299.51 923.632 535.311 873.466 
1319.97 926.181 554.964 876.411 
927.019 926.965 153.045 871.21 
997.339 930.982 227.459 876.078 
795.363 934.275 9.11185 876.922 
1059 935.523 291.541 881.741 
1059 935.523 291.541 881.741 
1093.52 935.814 327.611 882.701 
955.958 936.374 182.696 881.628 
1082.33 936.431 315.65 882.917 
891.18 938.777 113.544 883.04 
1119.62 939.58 354.058 886.75 
963.501 942.649 190.811 887.905 
1207.91 949.403 604.508 903.756 
1055.42 355.134 312.303 288.644 
996.543 380.871 248.346 311.258 
716.426 400.436 904.994 667.225 
1104.16 407.311 359.63 345.551 
1104.16 407.311 359.63 345.551 
1045.6 410.666 298.638 344.686 
966.655 419.461 735.457 543.92 
1012.06 433.388 262.701 365.787 
1083.98 434.218 337.597 371.823 
1015.63 436.993 266.445 369.892 
1091.31 438.021 344.801 375.76 
1091.31 438.021 344.801 375.76 
914.922 446.164 158.94 371.583 
1117.96 450.482 372.109 390.987 
719.003 469.432 466.792 681.053 
1039.58 479.715 271.932 813.223 
1003.08 496.118 250.305 429.763 
996.843 496.747 243.703 429.977 
1045.45 499.484 294.125 435.976 
966.351 505.058 211.368 436.306 
966.351 505.058 210.083 458.66 
959.001 505.665 203.645 437.028 
953.602 506.439 197.91 436.912 
885.168 510.125 124.827 436.915 
1084.65 522.877 334.138 462.283 
1438.69 525.172 687.956 485.815 
966.204 526.686 210.083 458.66 
1419.82 527.197 670.481 486.355 
1050.53 529.028 295.432 545.196 
1397.87 535.555 648.047 494.128 
828.25 537.44 62.7388 437.085 
1380.77 558.029 630.408 514.627 
1380.77 558.029 630.408 514.627 
1010.71 563.272 246.953 710.445 
944.102 565.023 184.798 497.081 
1396.79 566.528 645.949 524.031 
884.661 568.895 144.415 451.188 
898.456 569.359 136.462 499.429 
1461.78 574.933 708.716 535.879 
898.183 581.46 137.811 462.984 
936.115 585.261 174.917 542.172 
1365.89 585.125 614.828 540.497 
1376.37 585.001 624.825 559.34 
1386.89 585.008 665.923 570.156 
1517.37 597.179 760.63 560.169 
1453.04 603.311 656.782 533.881 
1336.59 608.673 585.494 562.523 
1472.41 609.67 717.416 570.031 
1472.41 609.67 717.416 570.031 
1472.36 617.291 716.021 577.566 
1472.36 617.291 716.021 577.566 
1112.45 618.875 358.137 561.845 
1397.79 621.57 665.763 588.375 
854.88 628.573 83.1481 632.838 
1082.48 630.796 325.615 597.862 
1473.39 640.501 716.544 600.617 
1332.89 644.402 579.356 598.32 
1179.97 648.974 426.973 595.263 
1343.73 649.784 590.084 603.868 
854.291 652.07 83.1481 632.838 
903.149 652.454 137.375 598.19 
1333.11 653.052 579.512 606.342 
1272.27 660.428 519.301 611.422 
1027.54 661.125 268.664 600.438 
1525.15 664.428 764.67 626.046 
1246.61 668.953 492.614 618.562 
854.179 675.758 83.1481 632.838 
1377.39 679.729 620.937 654.39 
1469.47 679.841 711.171 638.669 
1082.57 682.702 323.117 677.68 
1360.58 683.673 604.566 667.774 
1554.15 691.439 791.373 653.181 
854.042 699.505 83.1481 632.838 
964.69 703.612 200.923 641.532 
1082.78 708.378 325.615 597.862 
1342.64 712.611 586.112 665.563 
1342.64 712.611 585.376 676.053 
1138.45 713.523 380.639 669.504 
1170.63 713.594 393.383 648.56 
1358.33 718.202 600.69 671.865 
1653.61 719.922 883.254 684.436 
1685.41 721.661 912.422 687.451 
1170.52 724.072 412.889 670.608 
1170.52 724.072 412.889 670.608 
1361.34 724.154 604.566 667.774 
376.409 726.094 1683.97 692.456 
1082.36 734.106 325.615 597.862 
1554.42 734.144 790.164 695.304 
1371.01 734.701 613.26 688.435 
1469.62 734.468 709.015 691.908 
1469.62 734.468 709.015 691.908 
1243.07 741.548 486.952 691.308 
1284.21 743 527.284 694.24 
1284.21 743 527.284 694.24 
1150.68 745.262 393.383 648.56 
1377.41 750.223 618.847 703.878 
1284.1 753.654 527.284 694.24 
1284.1 753.654 527.284 694.24 
1376.39 755.568 618.15 709.329 
1187.83 756.617 430.364 703.878 
1011.56 763.971 248.244 705.479 
1017.88 763.947 254.673 705.477 
1246.92 765.651 489.436 715.142 
947.094 766.648 186.123 559.268 
1156.37 766.331 398.617 712.64 
1010.51 769.093 246.953 710.445 
1018.39 768.791 254.823 710.525 
1045.72 770.484 283.143 713.008 
1152.68 776.899 393.582 723.38 
1152.68 776.899 393.582 723.38 
1378.31 781.365 617.762 734.577 
1470.84 781.632 708.034 738.023 
1137.96 787.476 378.072 733.658 
825.899 795.972 48.7564 732.878 
927.114 796.765 158.471 736.456 
934.369 796.852 166.004 737.006 
1571.83 797.055 803.204 755.255 
1701.98 801.523 923.879 763.667 
1695.63 802.117 912.876 764.426 
901.897 807.343 137.375 598.19 
1551.79 812.268 783.378 769.926 
1474.83 813.478 710.79 769.053 
1698.33 817.18 920.086 778.124 
833.832 819.181 56.6165 757.109 
1662.25 822.083 887.004 782.427 
1223.53 824.364 493.99 787.102 
1690.26 827.057 904.994 787.473 
1702.8 827.915 923.968 788.318 
1685.97 829.411 893.934 789.907 
1017.74 830.247 252.171 773.556 
942.225 831.374 172.849 771.971 
1302.86 831.466 541.559 781.931 
1311.73 831.595 550.481 782.346 
1321.27 832.358 559.699 783.561 
1274.64 833.521 512.748 797.224 
1698.77 836.197 919.672 807.62 
1096.41 838.9 354.064 593.316 
1686.38 840.342 322.661 853.948 
926.965 843.982 158.471 736.456 
1119.65 844.079 358.767 739.449 
1529.33 844.612 759.938 800.563 
1503.33 844.971 704.324 799.912 
1580.19 844.862 808.997 802.372 
1255.49 847.528 494.575 810.806 
1259.88 847.546 469.522 810.489 
1698.86 847.502 919.672 807.62 
1045.46 849.012 280.444 793.275 
1135.44 851.158 373.132 798.076 
1038.6 854.974 271.932 813.223 
1699.35 859.548 919.409 818.52 
1261.01 861.217 469.522 810.489 
1226.27 861.618 465.951 796.649 
1277.08 865.039 515.842 814.813 
1038.38 868.462 271.932 813.223 
1628.65 869.58 854.137 827.012 
1206.92 875.097 446.026 823.671 
1224.55 875.043 494.575 810.806 
1016.05 877.262 248.451 820.979 
1038.74 880.983 271.932 813.223 
1415.91 887.515 651.25 838.814 
1652.8 889.394 876.345 846.553 
994.575 897.637 225.576 841.906 
1077.72 898.155 312.18 844.192 
892.084 898.599 116.69 841.116 
892.084 898.599 116.69 841.116 
913.668 898.464 140.468 840.999 
913.668 898.464 140.468 840.999 
1300.88 899.568 537.315 849.715 
1346.6 900.067 582.402 851.059 
1343.09 903.27 578.879 854.076 
1662.84 903.736 884.385 859.717 
1288.18 903.72 524.616 853.525 
1554.27 911.885 782.396 866.181 
910.683 914.276 136.123 857.815 
910.683 914.276 136.123 857.815 
1328.56 914.693 559.35 863.948 
81.1037 915.502 893.496 900.758 
1078 916.035 311.931 862.058 
1570.17 917.201 797.307 871.505 
1324.66 917.908 560.051 868.161 
908.084 918.442 132.959 861.861 
893.845 918.9 116.713 862.333 
1429.41 922.509 661.778 874.155 
1429.41 922.509 661.778 874.155 
970.53 923.247 198.887 868.011 
1027.33 923.39 258.416 869.358 
1520.79 924.609 749.986 877.675 
883.584 926.692 103.721 870.535 
952.912 926.989 180.838 871.805 
952.912 926.989 180.838 871.805 
965.603 927.812 193.948 872.633 
1037.6 929.088 269.823 875.036 
1094.47 932.345 328.211 879.344 
927.005 938.801 151.874 883.1 
1649.83 942.135 870.331 896.57 
942.561 943.449 168.682 888.167 
1275.82 1167.06 489.976 1114.82 
1275.64 1171.39 488.713 1118.87 
1280.96 1177.52 493.053 1124.1 
1129.06 413.987 384.357 354.837 
987.905 435.964 236.653 366.789 
863.28 440.766 104.856 361.927 
1104.61 444.158 358.236 383.152 
1104.61 444.158 358.236 383.152 
1034.1 494.314 282.835 429.593 
1034.1 494.314 282.835 429.593 
1018.51 495.457 266.559 430.173 
1027.74 494.86 276.014 430.125 
987.807 498.343 234.011 431.085 
987.807 498.343 234.011 431.085 
937.085 503.02 179.254 456.84 
1018.54 520.961 265.385 456.363 
845.843 522.811 77.5976 520.703 
827.975 525.112 55.2344 595.214 
936.722 526.323 179.254 456.84 
1178.91 541.075 430.666 486.747 
845.093 546.235 77.5976 520.703 
1408.16 548.433 657.262 506.793 
936.515 549.01 179.254 456.84 
1408.22 557.661 657.286 515.986 
1408.22 557.661 657.286 515.986 
1135.7 564.11 384.322 507.232 
1145.35 563.974 395.278 507.815 
828.175 571.32 55.2344 595.214 
845.353 593.068 79.0872 495.922 
1375.84 594.261 624.2 550.331 
1398.03 602.938 645.223 559.909 
1419.92 603.239 656.782 533.881 
943.664 610.263 182.651 544.205 
1398.17 612.3 644.778 569.195 
844.968 616.535 76.866 545.56 
1387.24 630.799 665.763 588.375 
1431.32 630.818 665.763 588.375 
1453.01 630.82 697.71 589.726 
1078.06 660.191 321.076 602.027 
844.61 663.791 77.5976 520.703 
1371.64 678.933 617.274 633.937 
1371.64 678.933 617.274 633.937 
1367.98 688.284 613.056 642.823 
826.634 688.662 53.8548 619.674 
1220.13 688.91 838.673 660.334 
1220.13 688.91 838.673 660.334 
1158.88 697.679 403.382 643.57 
1158.88 697.679 403.382 643.57 
718.874 711.865 1630.5 927.227 
536.237 715.762 252.897 294.137 
1148.92 718.878 391.846 664.738 
1159.96 719.045 403.446 665.169 
1159.96 719.045 403.446 665.169 
1163.76 724.289 407.023 670.729 
1319.69 727.945 561.364 699.898 
1319.69 727.945 561.364 699.898 
1158.91 729.297 402.469 675.63 
1158.91 729.297 402.469 675.63 
1330.46 733.007 573.285 685.448 
1342.81 732.938 585.312 685.891 
1342.81 732.938 585.312 685.891 
1163.77 734.642 407.063 681.112 
1163.77 734.642 407.063 681.112 
1163.77 734.642 407.063 681.112 
1078.18 738.239 318.083 681.346 
1306.04 738.055 548.355 689.599 
1306.04 738.055 548.355 689.599 
1306.04 738.055 548.355 689.599 
1011.86 739.103 249.268 679.766 
1143.87 745.113 386.238 691.231 
1237.09 747.555 480.951 696.941 
1257.03 748.062 499.38 697.811 
1257.03 748.062 499.38 697.811 
1305.92 748.169 548.021 699.734 
1305.92 748.169 548.021 699.734 
1332.34 748.138 574.196 700.6 
1332.34 748.138 574.196 700.6 
1559.48 747.669 794.301 707.87 
1159.54 750.724 401.668 696.762 
1317.31 753.447 560.445 705.257 
1317.31 753.447 560.445 705.257 
1144.21 755.945 386.238 691.231 
1163.82 755.86 407.063 681.112 
1231.87 755.592 475.159 704.615 
843.733 758.517 69.2845 693.911 
1159.79 760.879 401.668 696.762 
1188.93 762.689 431.383 710.007 
1030.89 767.166 277.149 497.946 
1144.02 766.574 386.142 712.374 
1144.02 766.574 386.238 691.231 
1050.52 769.39 287.653 712.44 
853.164 782.136 79.4594 718.959 
1148.39 782.165 389.1 728.401 
927.357 783.967 157.784 747.724 
1143.85 787.773 386.142 712.374 
1077.98 790.421 315.882 733.942 
843.778 795.041 68.0063 732.374 
1000.3 794.992 234.147 736.608 
1573.3 801.423 804.839 760.112 
852.986 806.406 79.4594 718.959 
826.291 806.651 48.894 743.796 
934.44 807.801 166.62 723.48 
1136.26 813.766 374.672 760.424 
1136.26 813.766 374.672 760.424 
952.533 820.064 183.849 761.388 
843.219 830.395 66.7092 769.181 
853.271 830.345 79.4594 718.959 
953.146 831.289 184.723 772.576 
1469.81 845.296 704.324 799.912 
569.387 848.543 1017.98 652.606 
995.191 898.04 226.033 842.205 
1527.15 897.783 757.308 852.825 
913.006 899.039 140.468 840.999 
913.006 899.039 140.468 840.999 
1151.83 911.047 387.776 858.726 
836.624 912.045 55.911 853.779 
1293.81 912.309 529.929 861.68 
959.044 914.805 187.474 859.015 
1025.77 915.022 257.391 860.831 
6.1168 918.126 1708.52 695.686 
1389.2 918.691 623.176 870.148 
1389.2 918.691 623.176 870.148 
1691.22 919.79 908.61 875.427 
979.171 921.069 208.151 866.3 
883.831 926.999 103.721 870.535 
947.481 932.999 173.729 877.394 
1099.99 935.056 333.572 881.867 
1123.46 935.873 357.585 883.008 
1094.95 941.215 328.782 888.047 
931.113 943.318 156.573 887.851 
1639.43 943.81 859.652 898.401 
1541.63 958.816 753.112 911.03 
1280.03 1162.41 493.245 1109.92 
1272.4 1175.03 485.497 1122.79 
1272.4 1175.03 485.497 1122.79 
1046.67 392.121 300.808 325.849 
1045.49 403.98 298.762 338.016 
1045.49 403.98 298.762 338.016 
1050.47 408.883 304.035 343.318 
1050.47 408.883 304.035 343.318 
1046.08 429.084 298.111 363.907 
1046.08 429.084 298.111 363.907 
1045.83 441.85 297.344 376.961 
1046.18 453.974 296.873 389.295 
1046.18 453.974 296.873 389.295 
1045.81 467.136 296.219 402.811 
1045.87 479.642 295.748 415.554 
1045.87 479.642 295.748 415.554 
999.532 489.224 246.898 421.942 
984.719 490.747 230.933 422.672 
1045.36 491.905 294.309 428.172 
1045.36 491.905 294.309 428.172 
1045.61 505.405 294.098 442.064 
1016.07 512.649 263.036 447.699 
1045.46 517.893 293.489 454.565 
1045.46 517.893 293.489 454.565 
1049.66 523.718 297.972 460.894 
1049.66 523.718 297.972 460.894 
1046.02 530.867 293.251 468.01 
1014.98 549.896 259.979 485.944 
1046.14 556.452 292.214 494.328 
1046.06 568.637 291.46 506.718 
1050.17 574.852 295.749 513.197 
1046.15 581.481 290.822 519.967 
1346.7 604.094 594.922 558.025 
1045.94 607.617 289.886 546.685 
1342.56 611.131 590.324 565.093 
1045.85 620.696 289.266 560.05 
1045.85 620.696 289.266 560.05 
1046.15 633.108 288.679 572.643 
1046.15 633.108 288.679 572.643 
1457.18 642.049 700.94 601.077 
1045.9 646.62 298.111 363.907 
1510.17 663.325 750.472 624.147 
1145.27 668.302 389.923 613.06 
1046.06 671.909 287.066 612.447 
1541.16 676.275 779.856 638.14 
1050.12 678.043 291.481 618.721 
1050.12 678.043 291.481 618.721 
1148.87 685.453 393.472 631.062 
1213.36 690.152 459.044 638.299 
1046 698.43 292.214 494.328 
1137.24 697.658 380.137 642.636 
1143.88 703.113 386.238 691.231 
1050.21 717.219 289.825 659.06 
1137.07 718.871 379.139 664.127 
1684.49 724.347 911.611 689.381 
1143.81 724.117 386.238 691.231 
1045.81 724.56 284.853 666.254 
1600.67 726.662 833.582 688.836 
374.042 731.349 710.171 503.098 
1593.96 732.933 827.167 694.979 
1138.01 739.994 378.943 695.938 
1652.14 741.773 880.77 705.914 
1045.78 749.936 284.155 692.183 
1137.71 750.514 378.943 695.938 
1137.71 750.514 378.943 695.938 
1138.05 771.724 379.609 653.342 
1253.37 779.025 495.3 728.515 
1253.37 779.025 495.3 728.515 
1137.61 792.731 377.075 738.757 
1354.14 792.924 593.681 745.448 
1049.61 796.047 287.013 738.925 
1049.61 796.047 287.013 738.925 
1404.18 798.39 642.009 752.38 
1560.85 801.658 793.234 760.012 
1136.87 803.347 377.075 738.757 
1050.1 808.859 286.082 752.461 
1463.96 813.026 699.392 768.285 
1045.84 815.78 281.617 759.436 
1050.06 821.943 285.869 765.75 
1045.39 828.557 280.427 785.807 
1000.92 830.648 234.101 773.96 
953.636 842.316 184.904 784.107 
953.636 842.316 184.904 784.107 
953.636 842.316 184.904 784.107 
1045.34 841.734 280.427 785.807 
1045.02 854.995 279.467 799.276 
962.867 867.588 192.592 810.96 
1030.74 870.523 264.116 815.062 
1030.74 870.523 264.116 815.062 
1049.05 887.956 282.684 833.138 
982.996 892.276 213.34 836.394 
998.032 892.254 229.435 836.544 
1014.94 892.532 247.399 837.073 
1641.44 897.19 863.787 853.132 
1416.76 902.463 650.83 854.716 
1427.1 902.724 660.791 855.023 
962.955 909.121 191.723 853.203 
962.955 909.121 191.723 853.203 
1487.05 910.628 686.654 863.713 
1504.49 911.192 735.06 864.778 
1011.64 914.068 242.855 858.978 
1011.64 914.068 242.855 858.978 
1338.09 916.018 573.665 866.334 
989.703 921.182 218.996 866.33 
1050.99 923.738 283.569 869.8 
1068.99 923.793 301.713 869.71 
1021.59 930.099 252.267 875.697 
1069.53 931.024 300.738 877.901 
1106.86 930.839 341.252 877.588 
1077.9 931.618 311.049 878.273 
1649.45 933.9 870.679 888.746 
916.602 935.779 140.013 879.9 
1022.91 936.333 252.978 882.077 
1022.91 936.333 252.978 882.077 
925.726 936.8 150.948 881.477 
1634.37 949.757 855.824 903.481 
1642.64 949.753 863.417 903.507 
950.733 467.707 196.374 396.858 
950.733 467.707 196.374 396.858 
1030.8 485.867 279.172 421.493 
1014.77 486.886 262.436 421.621 
1454.05 536.176 702.241 497.612 
1365.81 564.471 615.249 520.353 
983.593 625.644 213.68 813.21 
1014.69 637.345 255.564 575.543 
1030.72 688.794 271.03 628.964 
1624.28 712.399 856.224 675.708 
1624.28 712.399 856.224 675.708 
1298.3 731.429 541.344 682.901 
1298.3 731.429 541.344 682.901 
1664.12 740.694 892.057 703.913 
983.176 780.799 216.868 721.624 
1015.41 793.626 250.958 736.114 
982.235 843.691 213.493 799.505 
981.973 856.43 213.493 799.505 
998.997 856.401 231.637 799.791 
1298.61 866.323 535.984 816.648 
982.404 869.757 213.68 813.21 
1298.86 877.552 536.122 827.789 
981.677 883.26 212.017 827.02 
981.677 883.26 212.017 827.02 
997.958 882.874 229.17 827.317 
1029.19 883.796 261.809 828.617 
1424.85 885.278 658.795 837.89 
1031.05 899.562 263.561 844.684 
1163.89 903.401 399.974 850.898 
1175.3 904.143 411.232 851.979 
1699.77 907.573 916.466 864.146 
1241.19 911.569 478.473 860.669 
998.345 913.352 228.515 857.78 
1400.8 915.728 634.379 867.01 
810.962 918.128 27.3999 860.186 
875.264 919.947 97.3173 863.262 
875.264 919.947 97.3173 863.262 
1110.33 922.425 343.972 869.224 
1095.26 922.536 329.728 868.941 
1678.5 926.617 896.537 881.846 
922.532 929.206 148.266 872.878 
1068.27 931.429 300.738 877.901 
862.732 940.249 82.6352 884.383 
949.731 940.038 175.848 884.995 
1101.51 384.096 357.73 322.005 
983.394 508.88 228.709 441.519 
1427.55 532.1 676.67 491.387 
1442.25 532.062 691.445 492.498 
1378.12 555.393 627.686 511.899 
510.315 559.522 707.101 506.482 
553.604 562.489 710.171 503.098 
1198.87 690.154 444.643 637.502 
1567.72 791 800.239 750.143 
1567.72 791 800.239 750.143 
1470.53 802.104 706.631 757.705 
982.506 804.209 215.707 745.673 
1511.91 887.399 742.415 841.683 
989.985 892.108 220.285 836.264 
982.048 901.482 212.074 845.973 
1354.29 916.348 612.777 866.894 
1354.29 916.348 612.777 866.894 
1378.25 915.99 612.777 866.894 
1378.25 915.99 612.777 866.894 
1296.38 920.452 531.942 870.295 
1296.38 920.452 531.942 870.295 
1131.09 945.41 364.811 892.754 
1676.65 946.544 893.496 900.758 
987.976 379.761 239.438 308.186 
940.791 474.735 185.914 403.905 
1138.72 521.096 390.832 462.508 
1190.08 679.158 436.222 625.214 
1423.81 802.281 662.116 757.201 
1594.14 805.583 823.884 765.221 
1297.99 831.267 537.097 781.803 
1297.99 831.267 537.097 781.803 
1432.73 915.312 665.107 867.316 
1463.72 916.958 723.705 870.689 
1493.36 917.804 723.705 870.689 
1551.4 918.268 779.094 872.666 
851.152 925.301 71.6665 868.272 
1044.62 932.727 276.267 878.728 
1679.82 958.391 896.614 912.048 
1679.82 958.391 896.614 912.048 
1060.41 365.772 315.678 299.638 
976.437 426.332 224.963 356.082 
978.355 447.408 227.265 376.907 
856.697 449.97 92.6678 370.477 
925.734 455.478 171.493 382.262 
925.734 455.478 171.493 382.262 
1404.18 545.515 653.341 503.666 
1669.5 698.868 898.357 664.815 
1669.5 698.868 898.357 664.815 
1237.08 735.218 480.785 684.637 
1237.08 735.218 480.785 684.637 
1487.65 804.125 723.618 760.338 
1487.65 804.125 723.618 760.338 
1608.39 884.343 833.868 840.349 
1539.28 905.029 768.013 859.218 
1310.78 908.187 546.815 858.397 
967.678 917.037 196.388 861.588 
939.478 930.126 165.635 874.577 
939.478 930.126 165.635 874.577 
939.478 930.126 165.635 874.577 
823.112 409.148 60.5502 326.479 
823.112 409.148 60.5502 326.479 
979.613 447.596 227.265 376.907 
1435.36 535.512 684.309 495.755 
1171.68 548.745 423.035 493.588 
1171.68 548.745 423.035 493.588 
1256.23 674.783 501.362 624.231 
1256.23 674.783 501.362 624.231 
1668.39 699.789 898.357 664.815 
1668.39 699.789 898.357 664.815 
1632.3 884.123 856.252 840.787 
875.181 905.468 98.0674 847.455 
875.181 905.468 98.0674 847.455 
851.36 907.015 72.2133 849.242 
851.36 907.015 72.2133 849.242 
901.356 906.33 126.003 849.326 
1062.93 911.552 296.266 856.97 
1159.28 918.29 395.159 865.804 
896.275 931.833 120.926 874.675 
969.923 936.555 198.561 882.311 
1661.46 938.157 880.679 893.509 
1484.16 597.929 728.412 559.567 
1194.71 911.141 430.78 858.885 
1194.71 911.141 430.78 858.885 
729.105 412.892 710.171 503.098 
1445.14 855.713 680.138 809.654 
937.298 899.683 163.958 843.243 
1389.84 899.008 624.099 850.796 
1389.84 899.008 624.099 850.796 
1047.65 942.789 279.217 889.706 
950.021 447.086 196.896 375.798 
1159.98 562.804 1594.58 708.648 
1519.46 640.715 760.819 602.859 
1519.46 640.715 760.819 602.859 
1532.97 690.471 771.045 651.282 
1579.89 709.644 814.792 672.071 
1458.25 894.887 690.243 847.807 
1421.41 936.62 653.033 888.193 
1421.41 936.62 653.033 888.193 
1584.99 933.176 810.013 887.168 
1420.01 598.329 664.691 556.423 
1420.01 598.329 664.691 556.423 
1055.53 427.151 306.896 361.468 
1253.22 609.973 501.876 558.772 
