0.565329
0.670912
0.660467
0.614788
0.673194
0.594844
0.592823
0.681052
0.613052
0.623273
0.67643
0.54626
0.450992
0.679297
0.489675
0.667636
0.564857
0.650425
0.586534
0.571431
0.675457
0.517705
0.619175
0.624417
0.521306
0.483845
0.59078
0.589057
0.34278
0.289513
0.450212
0.651301
0.465692
0.660133
0.696725
0.641862
0.676636
0.612338
0.622876
0.597321
0.528601
0.622849
0.59806
0.639816
0.640129
0.568393
0.609578
0.646393
0.59206
0.560213
0.605892
0.579391
0.472597
0.688061
0.482644
0.692869
0.610258
0.666952
0.610875
0.605982
0.635824
0.672658
0.677712
0.560663
0.682189
0.530404
0.69635
0.660796
0.653767
0.613333
0.691284
0.574595
0.64979
0.332488
0.597444
0.678241
0.672727
0.614306
0.652542
0.610034
0.582533
0.571797
0.575534
0.644116
0.652221
0.687778
0.644668
0.487055
0.566175
0.532654
0.641161
0.645943
0.337399
0.689927
0.566736
0.690639
0.505786
0.649764
0.691756
0.675307
0.635351
0.574358
0.601626
0.690972
0.576207
0.673563
0.638379
0.679559
0.635936
0.52127
0.588366
0.684596
0.587324
0.551398
0.618898
0.664737
0.446209
0.66495
0.637154
0.655089
0.523366
0.679647
0.661021
0.679037
0.543622
0.66151
0.429282
0.274801
0.661155
0.653865
0.303097
0.506285
0.618073
0.355562
0.664199
0.638665
0.513092
0.680995
0.652098
0.513796
0.612708
0.648624
0.537332
0.678302
0.650222
0.68954
0.441154
0.664567
0.511014
0.655138
0.664413
0.551125
0.69601
0.608747
0.323108
0.639978
0.43709
0.502333
0.459416
0.343361
0.329757
0.665158
0.522198
0.440135
0.639926
0.540888
0.447937
0.552151
0.575166
0.182833
0.516106
0.502808
0.63173
0.583163
0.342334
0.609677
0.332725
0.647967
0.696724
0.475427
0.469599
0.482169
0.526265
0.57613
0.316721
0.403393
0.420513
0.453596
0.476996
0.66771
0.271839
0.411878
0.550465
0.675611
0.221665
0.654608
0.330101
0.616101
0.508573
0.489959
0.622883
0.51672
0.633352
0.460536
0.471697
0.220412
0.304225
0.423876
0.270898
0.624544
0.652013
0.66272
0.658531
0.537822
0.6605
0.367794
0.674254
0.549557
0.537288
0.56893
0.507085
0.684339
0.613606
0.633434
0.67898
0.538836
0.633664
0.650271
0.699045
0.57251
0.479323
0.610892
0.267949
0.655339
0.502124
0.518139
0.409678
0.448177
0.692608
0.617271
0.586498
0.631729
0.485048
0.63865
0.638765
0.512476
0.696409
0.459922
0.523317
0.536293
0.639945
0.677368
0.654883
0.362989
0.653882
0.540419
0.619307
0.666178
0.489822
0.503915
0.557402
0.63034
0.386584
0.423315
0.625658
0.64424
0.602061
0.614769
0.681356
0.300349
0.52169
0.657791
0.523284
0.454189
0.612955
0.341158
0.613207
0.464675
0.591108
0.675653
0.588741
0.480387
0.556483
0.541965
0.595444
0.699802
0.533748
0.652176
0.487874
0.541799
0.276902
0.626681
0.409921
0.295983
0.66902
0.389744
0.68137
0.595612
0.542269
0.68788
0.556867
0.485398
0.562764
0.38699
0.580971
0.681005
0.353577
0.54495
0.356591
0.630426
0.615891
0.66865
0.481845
0.65365
0.555102
0.658896
0.646544
0.61851
0.543635
0.667473
0.475726
0.392627
0.462249
0.632212
0.66999
0.398484
0.348993
0.692962
0.660742
0.483732
0.532378
0.447556
0.646226
0.368229
0.537012
0.605326
0.615108
0.695821
0.542409
0.649589
0.462724
0.505538
0.694525
0.609895
0.638153
0.385482
0.492133
0.649762
0.230654
0.683818
0.437139
0.527499
0.504097
0.659447
0.508319
0.687307
0.415247
0.317614
0.407188
0.532448
0.483878
0.370787
0.61117
0.527519
0.495954
0.676998
0.670719
0.644216
0.652697
0.497525
0.697745
0.280406
0.69461
0.690118
0.405921
0.627053
0.583798
0.672907
0.626673
0.619766
0.593358
0.610242
0.502545
0.670824
0.603069
0.662404
0.63545
0.546614
0.662353
0.665514
0.661627
0.681609
0.54317
0.42924
0.685292
0.688423
0.614902
0.570534
0.681907
0.672346
0.653214
0.587016
0.421322
0.529065
0.291586
0.447829
0.480098
0.615664
0.333813
0.693563
0.387589
0.678336
0.693201
0.39445
0.300022
0.500011
0.442294
0.403286
0.690924
0.279399
0.504558
0.592929
0.625791
0.667632
0.523091
0.693026
0.465028
0.410888
0.467411
0.539382
0.43129
0.519074
0.534831
0.544661
0.557102
0.453298
0.589074
0.605068
0.231862
0.557481
0.262131
0.553402
0.528367
0.618447
0.550006
0.541511
0.604527
0.583446
0.394309
0.362546
0.322305
0.353523
0.386621
0.526563
0.494955
0.226828
0.342628
0.396466
0.488223
0.615145
0.426219
0.417668
0.319591
0.543632
0.305745
0.323965
0.622782
0.225388
0.160308
0.445892
0.517937
0.375547
0.599875
0.666362
0.600966
0.402206
0.444824
0.480222
0.587592
0.507406
0.545048
0.484931
0.507854
0.627081
0.53727
0.547998
0.637922
0.662866
0.575411
0.523997
0.426592
0.627201
0.558765
0.525491
0.431712
0.630416
0.566598
0.636313
0.593754
0.689335
0.302788
0.608997
0.437824
0.394886
0.526677
0.304567
0.699195
0.673881
0.539369
0.649444
0.685016
0.63887
0.63013
0.502275
0.528618
0.659476
0.561162
0.62879
0.474956
0.627277
0.641819
0.605751
0.52376
0.683275
0.522029
0.692922
0.584145
0.67499
0.670201
0.689391
0.57649
0.393842
0.543286
0.542674
0.544213
0.317086
0.635262
0.43345
0.678012
0.571977
0.514552
0.431981
0.535147
0.652391
0.645736
0.614401
0.499284
0.296536
0.467696
0.645586
0.56218
0.621407
0.66668
0.531811
0.473899
0.455899
0.464607
0.499964
0.64715
0.661487
0.69
0.681298
0.469049
0.407243
0.461536
0.578119
0.58345
0.399549
0.428816
0.62321
0.568445
0.573153
0.605505
0.622159
0.478426
0.666571
0.610378
0.46847
0.518462
0.566598
0.408795
0.357457
0.409114
0.543534
0.420774
0.501669
0.52746
0.354459
0.607711
0.510056
0.456896
0.526688
0.53548
0.617684
0.680164
0.647438
0.560005
0.281307
0.282196
0.379429
0.388468
0.439491
0.660996
0.519273
0.543836
0.629439
0.484652
0.691699
0.410399
0.406062
0.331059
0.410612
0.565911
0.608978
0.550059
0.698724
0.516245
0.692936
0.523103
0.59707
0.483387
0.675847
0.282861
0.666976
0.293458
0.697792
0.353198
0.69937
0.51239
0.647959
0.428418
0.379621
0.563881
0.693981
0.588781
0.504561
0.639413
0.505583
0.296124
0.454145
0.24743
0.347847
0.357776
0.180113
0.249695
0.185313
0.423339
0.218943
0.369478
0.312033
0.293154
0.647352
0.631589
0.434909
0.469453
0.555303
0.226148
0.628555
0.681965
0.517381
0.495345
0.288022
0.298018
0.560967
0.559094
0.314778
0.378295
0.486949
0.355913
0.188325
0.278646
0.176397
0.328056
0.370469
0.685351
0.425281
0.429084
0.553887
0.637364
0.667794
0.415709
0.219337
0.360269
0.606858
0.383159
0.304467
0.448721
0.474746
0.667623
0.611163
0.522007
0.377696
0.61054
0.462897
0.652813
0.442816
0.48894
0.524942
0.348293
0.652362
0.684695
0.642836
0.683463
0.329756
0.583142
0.600506
0.613169
0.461762
0.609372
0.539465
0.58647
0.391671
0.468701
0.609339
0.348711
0.341863
0.18059
0.203394
0.506284
0.685759
0.515098
0.59969
0.547898
0.46205
0.594753
0.608938
0.475497
0.623556
0.699558
0.549979
0.373927
0.58937
0.188174
0.350891
0.599672
0.263556
0.369869
0.290904
0.344676
0.62921
0.419577
0.374265
0.506159
0.435816
0.596013
0.264066
0.509253
0.530215
0.377407
0.463311
0.517614
0.541157
0.302811
0.600326
0.186483
0.527749
0.442791
0.405879
0.640136
0.532087
0.689567
0.652096
0.359137
0.280714
0.677503
0.390715
0.696979
0.252862
0.385001
0.583863
0.45061
0.446749
0.429422
0.355324
0.628359
0.545629
0.584645
0.397352
0.490134
0.649296
0.653947
0.538824
0.337434
0.314215
0.303868
0.390873
0.3342
0.275928
0.498283
0.539937
0.224114
0.342385
0.605658
0.491207
0.557048
0.338531
0.205124
0.49438
0.196835
0.318707
0.423634
0.626079
0.386899
0.549714
0.576073
0.218206
0.421226
0.36186
0.632551
0.686644
0.420484
0.236646
0.557391
0.469891
0.457382
0.495738
0.317851
0.569567
0.382779
0.324625
0.375529
0.391702
0.429409
0.14273
0.321158
0.192523
0.406244
0.344689
0.473002
0.4142
0.427365
0.663738
0.506556
0.499468
0.224428
0.337087
0.42442
0.585678
0.612825
0.408509
0.393641
0.601193
0.615572
0.435893
0.320395
0.428666
0.304993
0.411121
0.278578
0.466699
0.224236
0.666864
0.480609
0.669075
0.481216
0.67102
0.664674
0.486226
0.645685
0.50767
0.568912
0.581179
0.636678
0.176753
0.694312
0.46023
0.65952
0.228441
0.689631
0.676251
0.637792
0.29449
0.232582
0.645121
0.311309
0.678011
0.662014
0.120253
0.281392
0.688491
0.342384
0.57735
0.696456
0.499148
0.492125
0.343605
0.267874
0.156627
0.505673
0.631163
0.603241
0.477502
0.305927
0.298428
0.210801
0.274832
0.229446
0.396765
0.500865
0.239082
0.221719
0.201757
0.651487
0.332081
0.276363
0.33824
0.31133
0.253873
0.412347
0.228864
0.25762
0.443194
0.160387
0.309901
0.537575
0.629012
0.323575
0.313684
0.203405
0.563657
0.466352
0.180474
0.215796
0.329541
0.655292
0.225489
0.642452
0.343089
0.155818
0.18683
0.201573
0.281943
0.303075
0.466665
0.639023
0.214079
0.694764
0.281613
0.33402
0.218008
0.646327
0.209266
0.455111
0.496769
0.276827
0.175453
0.391644
0.262737
0.147425
0.116707
0.343564
0.146093
0.493967
0.334098
0.146253
0.167109
0.177951
0.205571
0.137074
0.142676
0.153288
0.329025
0.261712
0.585247
0.26228
0.319451
0.317988
0.203606
0.231751
0.629358
0.655059
0.371901
0.203863
0.230101
0.150493
0.361659
0.164057
0.121933
0.0872665
0.660575
0.630037
0.233941
0.15365
0.419917
0.139009
0.421487
0.243401
0.415107
0.415783
0.633183
0.520452
0.52648
0.573184
0.279001
0.242294
0.2547
0.602235
0.477036
0.119535
0.234241
0.141769
0.202627
0.248233
0.675258
0.286146
0.505143
0.675911
0.308482
0.194327
0.0884907
0.693737
0.166239
0.123489
0.425978
0.356316
0.133393
0.117195
0.235085
0.10636
0.0763319
0.16825
0.132758
0.204984
0.141799
0.391133
0.519221
0.174104
0.0805314
0.319464
0.54897
0.223636
0.3274
0.60812
0.450309
0.12709
0.24495
0.245351
0.21035
0.486393
0.635234
0.259477
0.547574
0.120256
0.371845
0.370281
0.261798
0.0904067
0.69687
0.151351
0.280737
0.0863254
0.0857078
0.192889
0.355927
0.529573
0.155206
0.383746
0.252245
0.372138
0.0944226
0.0711481
0.0968968
0.483729
0.516502
0.509374
0.44113
0.142334
