0.628491
0.690926
0.599252
0.672783
0.641776
0.611627
0.685609
0.669698
0.62263
0.69465
0.608651
0.625073
0.694099
0.673117
0.520855
0.589603
0.684156
0.31101
0.567423
0.686782
0.663593
0.683801
0.645162
0.622753
0.354179
0.521315
0.417091
0.374618
0.209066
0.365763
0.453599
0.49415
0.660353
0.562914
0.616874
0.594228
0.651942
0.635744
0.609785
0.661652
0.654746
0.369685
0.679666
0.608426
0.682011
0.687908
0.635847
0.576329
0.661842
0.61066
0.34434
0.496434
0.690034
0.667914
0.650953
0.350036
0.658051
0.630554
0.691548
0.491919
0.677133
0.69387
0.598205
0.598846
0.598819
0.6413
0.527321
0.282541
0.659055
0.615253
0.20006
0.228886
0.272187
0.41617
0.294257
0.35872
0.539353
0.263097
0.262501
0.432098
0.200235
0.373333
0.480804
0.126823
0.455252
0.582711
0.19765
0.451751
0.479467
0.256891
0.271797
0.360108
0.183145
0.258728
0.286245
0.165338
0.150675
0.232837
0.198958
0.197771
0.183042
0.334589
0.426549
0.19915
0.677726
0.555982
0.261467
0.402392
0.457133
0.248434
0.520092
0.331857
0.453962
0.339571
0.173559
0.238835
0.262473
0.590795
0.633639
0.479113
0.325314
0.104516
0.103339
0.254486
0.131839
0.213198
0.655151
0.273248
0.221128
0.168289
0.155083
0.288947
0.259594
0.441777
0.666909
0.160139
0.585903
0.603887
0.320674
0.403355
0.264418
0.230954
0.64082
0.315746
0.37213
0.44133
0.336712
0.296832
0.387245
0.38276
0.674758
0.384956
0.44586
0.266476
0.622371
0.666672
0.37281
0.590513
0.398765
0.626085
0.461435
0.378357
0.683798
0.639835
0.691681
0.699836
0.467706
0.571225
0.659296
0.644841
0.668284
0.354755
0.664341
0.689308
0.662141
0.671192
0.63025
0.304194
0.268221
0.680897
0.234434
0.119023
0.227497
0.174685
0.294382
0.252987
0.203687
0.230013
0.214186
0.250759
0.273319
0.245624
0.256499
0.257676
0.238847
0.247779
0.223429
0.19461
0.156864
0.28223
0.274705
0.279681
0.438539
0.261286
0.234104
0.179468
0.308608
0.120845
0.564485
0.651934
0.555893
0.177488
0.262362
0.218053
0.454839
0.221075
0.328925
0.473249
0.431741
0.178508
0.326559
0.203804
0.238897
0.220776
0.380616
0.135952
0.488979
0.410046
0.431297
0.47305
0.531354
0.553656
0.291759
0.270927
0.551954
0.528477
0.527637
0.522695
0.453807
0.357963
0.404247
0.310194
0.226125
0.275954
0.68335
0.468846
0.354425
0.600583
0.347349
0.38994
0.61081
0.624736
0.666015
0.635635
0.631311
0.5731
0.591912
0.536073
0.526752
0.615657
0.652682
0.453436
0.64393
0.483715
0.461127
0.66428
0.365341
0.470988
0.42255
0.116708
0.438129
0.259866
0.229532
0.265806
0.250417
0.259684
0.199306
0.395522
0.253883
0.211652
0.28083
0.337349
0.189938
0.187512
0.256408
0.179905
0.617802
0.311381
0.23537
0.288848
0.169026
0.1315
0.121942
0.210183
0.127575
0.146409
0.186796
0.197276
0.15994
0.273569
0.159684
0.446433
0.104442
0.175626
0.681046
0.278495
0.333278
0.687939
0.654449
0.665659
0.689579
0.440865
0.418054
0.515798
0.24202
0.537474
0.380091
0.623067
0.482715
0.517988
0.251772
0.263246
0.239412
0.249807
0.323121
0.396801
0.250474
0.387621
0.600683
0.607576
0.630882
0.682305
0.596045
0.687248
0.598346
0.641824
0.64295
0.51095
0.386729
0.695781
0.531446
0.408525
0.620064
0.570965
0.483195
0.6486
0.576023
0.563803
0.363649
0.254663
0.241225
0.425005
0.515264
0.218123
0.26017
0.565363
0.244753
0.332931
0.343651
0.327424
0.299943
0.286424
0.292353
0.690938
0.664263
0.306726
0.210501
0.61682
0.554608
0.439429
0.152044
0.455002
0.5332
0.387386
0.283347
0.231905
0.285352
0.24047
0.667297
0.247669
0.21694
0.225932
0.32039
0.464666
0.274961
0.315559
0.245542
0.625115
0.63575
0.368308
0.346158
0.539407
0.26125
0.422692
0.506194
0.366536
0.266459
0.525475
0.634274
0.686286
0.618743
0.480878
0.510305
0.606627
0.350375
0.491731
0.539742
0.395849
0.551599
0.520561
0.576648
0.659308
0.570987
0.28626
0.27751
0.564325
0.489801
0.534293
0.538811
0.473933
0.267274
0.254497
0.202171
0.185488
0.206171
0.138308
0.287275
0.282616
0.288146
0.210997
0.154732
0.188617
0.262312
0.460838
0.614906
0.633164
0.272633
0.635564
0.503673
0.283435
0.325452
0.596045
0.69316
0.682926
0.597594
0.601914
0.590995
0.461146
0.416173
0.584919
0.618028
0.523095
0.651076
0.246278
0.317012
0.401348
0.265198
0.212704
0.201006
0.243317
0.181274
0.271052
0.656946
0.181934
0.159081
0.282564
0.318813
0.465979
0.436714
0.442684
0.674651
0.611584
0.378904
0.526254
0.366133
0.303413
0.366866
0.694514
0.525943
0.672337
0.697446
0.41268
0.190001
0.308128
0.342668
0.243057
0.222935
0.477157
0.243142
0.216067
0.15528
0.155671
0.169898
0.246862
0.486239
0.152117
0.335397
0.419952
0.619182
0.637496
0.625506
0.532188
0.115172
0.143536
0.157552
0.133312
0.119158
0.438167
0.442281
0.308721
0.38807
0.245976
0.64972
0.501737
0.387355
0.37394
0.285973
0.169674
0.178131
0.360594
0.379722
0.35584
0.408671
0.315471
