161
865.555 378.943 1378.68 709.546 
270.861 503.847 1113.53 558.887 
1466.91 607.501 493.79 121.689 
12.7092 628.086 825.515 801.286 
1399.3 775.72 1507.36 352.516 
621.003 811.202 383.189 154.907 
1452.55 839.648 1121.46 543.035 
1608.89 856.231 1633.87 57.4371 
865.658 872.647 863.684 50.5052 
1221.07 879.587 1228.63 64.4246 
58.0012 903.97 29.2279 109.783 
977.914 906.508 978.242 85.1349 
869.199 931.857 867.153 111.579 
1033.37 947.931 655.037 775.358 
1239.59 947.96 1244.56 135.422 
624.857 989.955 94.2714 507.42 
662.707 994.912 94.2714 507.42 
879.578 1034.12 877.84 216.174 
1353.38 1037.66 1354.37 221.544 
806.211 1048.02 710.475 184.516 
1406.05 1080.09 1709.16 285.461 
1406.05 1080.09 1709.16 285.461 
988.997 1195.65 986.012 377.495 
1154.96 1216.11 1148.78 400.709 
1128.53 1227 1122.47 410.98 
107.485 1262.3 124.299 465.867 
107.485 1262.3 124.299 465.867 
590.602 1307.87 596.003 490.038 
1610.87 1323.06 1584.49 522.908 
1588.04 1325.05 1562.94 523.685 
1130.65 1335.94 1121.48 516.116 
1201.49 1338.47 1189.69 519.641 
1302.71 473.522 241.61 903.888 
1653.57 537.085 224.463 771.737 
1676.5 548.311 586.577 302.452 
1316.04 565.005 232.984 823.425 
1590.84 703.199 1547.57 249.119 
559.009 836.424 545.672 17.5035 
1583.06 854.606 1606.8 54.3681 
1320.55 869.012 1331.91 57.0005 
935.222 907.992 935.078 86.9565 
1063.63 913.812 1065.95 95.0767 
447.512 940.005 435.877 128.347 
1079.07 947.928 1081.13 130.425 
1079.07 947.928 1081.13 130.425 
932.783 953.979 1580.14 718.032 
1202.95 956.422 1027.57 135.345 
602.613 1012.03 597.039 196.792 
967.044 1026.31 965.766 208.168 
306.645 1037.43 299.668 234.099 
1558.74 1046.17 1561.7 251.028 
441.564 1046.44 436.274 236.541 
850.372 1061.95 1207.56 532.203 
1701.48 1072.73 1701.19 286.592 
307.108 1076.44 302.697 273.084 
1597.49 1098 1594.72 305.216 
761.5 1107.03 759.639 291.071 
873.86 1123.44 872.03 305.427 
1238.19 1216.7 1230.94 403.798 
1105.94 1224.02 1100.44 407.004 
1112.83 1230.63 1107.61 415.173 
864.976 1297.24 863.557 475.574 
1614.35 1323.7 1588.43 523.636 
1240.21 1329.48 1228.04 512.528 
1266.15 1336.6 1253.46 519.991 
868.477 345.658 723.059 64.6238 
511.448 517.824 466.576 59.5606 
1247.2 854.013 1256.67 38.3826 
1306.51 855.495 1318.57 42.0366 
691.425 943.265 685.062 125.522 
691.425 943.265 685.062 125.522 
1112.15 943.351 1202.6 130.089 
1056.55 947.98 1057.65 130.344 
606.935 1012.84 602.163 197.856 
310.47 1060.56 305.688 257.02 
688.083 1072.22 685.441 256.021 
877.986 1100.59 876.287 282.543 
877.986 1100.59 876.287 282.543 
1203.03 1119.12 1200.41 306.494 
824.192 1119.89 805.223 289.997 
655.061 1154.98 719.48 504.481 
872.473 1164.86 871.213 346.301 
1255.98 1194.42 1249.52 382.808 
1389.85 1226.78 1379.64 420.936 
1239.04 1227.44 1231.08 413.483 
1238.93 1275.79 987.917 645.604 
839.636 1324.83 839.211 505.493 
835.305 1325.37 834.816 505.325 
599.062 842 810.512 690.906 
1507.99 852.649 1527.48 48.1249 
1644.56 863.915 1669.99 67.0795 
874.818 879.134 872.792 57.1827 
989.849 946.978 990.135 128.252 
989.849 946.978 990.135 128.252 
604.384 1003.65 598.935 189.102 
875.559 1034.53 873.799 216.471 
873.977 1060.98 872.733 242.51 
875.625 1074.66 873.787 256.45 
683.029 1078.01 60.8069 702.596 
779.428 1088.33 778.194 274.144 
1027.8 1102.08 212.592 381.565 
1211.75 1220.49 1204.62 407.279 
881.637 1221.38 879.774 401.914 
1046.08 1221.56 1041.25 403.106 
882.375 1255.89 880.265 435.297 
850.917 1329.72 849.871 510.106 
1498.16 440.58 231.924 793.074 
1358.99 838.763 1372.98 26.652 
865.199 840.59 862.962 17.175 
1387.33 840.976 1403.11 30.76 
700.435 844.998 696.959 870.998 
1320.73 848.842 1333.02 36.4022 
877.14 894.414 875.041 73.131 
692.377 974.488 686.006 158.638 
879.751 1179.68 878.384 360.902 
872.829 1186.56 871.254 367.799 
872.829 1186.56 871.254 367.799 
1084.6 1206.49 1080.41 389.839 
612.86 1245.05 615.141 428.567 
1350.69 603.452 869.105 336.64 
875.715 986.946 873.86 167.324 
1335.1 990.701 1301.49 608.203 
759.763 1040.59 758.34 349.42 
833.071 1125 815.684 295.468 
848.057 1137.29 846.316 320.664 
991.371 1199.78 988.418 381.798 
897.041 1200.79 894.941 381.795 
992.576 1290.14 1251.95 472.818 
833.936 1313.54 848.22 499.692 
1654.14 509.672 850.227 782.338 
674.79 1058.44 672.352 242.245 
780.919 1079.21 778.896 261.789 
750.315 1096.7 748.385 279.619 
589.28 1286.41 593.662 469.796 
1337.55 947.094 1343.46 130.131 
1337.55 947.094 1343.46 130.131 
586.432 989.869 578.682 175.632 
802.787 1040.24 800.08 223.927 
820.394 1057.16 800.08 223.927 
705.863 1061.64 703.124 245.472 
705.863 1061.64 703.124 245.472 
700.09 947.036 694.544 124.923 
670.221 949.05 665.834 133.117 
600.247 992.553 593.941 177.276 
601.361 1025.54 596.488 209.503 
610.426 1128 608.921 312.168 
806.626 1132.3 804.304 315.524 
806.626 1132.3 804.304 315.524 
823.805 1145.92 821.961 329.36 
823.805 1145.92 821.961 329.36 
591.523 1179.91 593.941 177.276 
1170.71 1201.86 1163.96 387.522 
1170.71 1201.86 1163.96 387.522 
629.007 1272.88 631.873 456.109 
629.007 1272.88 631.873 456.109 
784.51 1115.83 782.83 299.433 
609.083 1192.67 610.305 378.095 
608.776 1255.52 610.762 438.549 
794.254 888.645 787.897 72.9119 
919.75 530.785 164.605 706.325 
617.965 1053.18 612.666 236.493 
