277
742.275 162.304 60.7711 91.695 
656.977 273.36 8.01942 285.035 
838.43 324.239 195.455 312.982 
650.503 354.275 9.36693 370.234 
434.872 387.23 639.346 431.465 
728.212 389.547 93.1482 393.276 
233.718 390.175 238.45 659.098 
730.087 391.715 95.037 395.3 
664.013 409.853 29.4364 424.927 
664.566 417.5 31.2238 432.849 
664.207 422.104 31.555 437.445 
755.018 443.18 127.839 442.211 
644.358 454.467 13.0781 475.154 
777.4 461.651 150.837 456.548 
777.4 461.651 150.837 456.548 
680.381 479.418 9.36693 370.234 
794.543 483.406 170.534 474.632 
824.524 485.387 199.128 470.913 
839.321 497.857 464.357 550.816 
429.136 505.364 239.916 300.286 
120.419 528.005 660.783 177.888 
677.923 528.965 60.9506 544.508 
639.521 529.381 19.4587 554.097 
671.419 532.142 54.8355 548.752 
710.64 533.087 96.2752 540.474 
710.64 533.087 96.2752 540.474 
684.705 534.959 69.2863 549.1 
826.285 544.581 209.32 527.27 
819.057 547.187 203.208 531.142 
827.496 547.521 211.282 529.618 
827.496 547.521 211.282 529.618 
707.765 552 94.1549 560.898 
597.529 552.373 308.797 404.938 
752.856 553.032 783.896 383.795 
615.709 554.722 702.758 626.559 
819.811 554.399 204.978 537.53 
786.013 558.5 173.414 549.477 
843.81 562.332 229.326 539.977 
758.218 573.875 734.991 272.243 
656.077 575.504 44.3427 598.018 
656.077 575.504 44.3427 598.018 
657.811 579.118 47.2531 601.341 
821.72 580.176 154.533 502.092 
630.211 581.311 21.0553 610.054 
625.69 585.611 17.1307 615.394 
625.69 585.611 17.1307 615.394 
768.059 618.468 166.901 611.413 
728.9 84.2683 60.6911 84.7105 
728.429 90.8938 60.7711 91.695 
728.429 90.8938 60.7711 91.695 
732.568 121.666 68.6866 123.431 
744.753 167.645 85.1398 168.383 
708.535 176.837 48.3032 180.868 
845.467 320.385 201.635 308.609 
845.467 320.385 201.635 308.609 
688.083 349.666 47.8546 359.466 
851.463 357.839 209.938 343.746 
167.458 359.945 60.7711 91.695 
747.824 377.369 111.008 378.026 
797.493 384.802 161.622 377.795 
797.493 384.802 161.622 377.795 
814.054 387.077 171.424 629.73 
639.624 419.711 5.07311 439.671 
647.955 421.615 14.1315 439.973 
418.459 432.844 65.5368 131.404 
758.079 446.273 131.004 444.266 
426.046 457.511 731.749 590.159 
426.046 457.511 731.749 590.159 
658.098 464.428 29.7459 482.632 
799.654 471.569 173.074 462.309 
648.021 472.798 20.4199 493.459 
797.776 482.307 172.941 472.896 
806.233 496.208 183.937 484.681 
727.73 507.344 108.368 511.485 
717.475 518.885 100.879 524.884 
671.458 527.549 53.7042 544.406 
694.385 529.536 78.3719 541.272 
576.146 539.003 147.094 437.81 
670.969 542.202 56.3904 559.302 
816 552.272 201.119 536.786 
835.191 560.223 220.99 539.989 
830.701 561.572 217.013 542.505 
840.816 564.435 226.892 542.722 
840.816 564.435 226.892 542.722 
830.049 565.976 217.093 547.079 
619.819 568.7 6.36531 599.732 
638.679 573.627 26.5438 600.567 
626.844 574.039 15.6079 603.557 
831.668 577.387 220.935 557.09 
728.25 578.602 118.508 583.049 
843.341 579.57 232.341 556.041 
843.341 579.57 232.341 556.041 
617.114 580.134 5.98833 612.564 
767.544 583.398 159.12 577.725 
768.633 586.554 160.842 580.683 
729.96 591.895 121.922 595.739 
781.86 596.031 176.531 586.359 
779.482 601.438 175.089 592.194 
776.133 610.675 173.134 602.361 
745.818 611.025 143.208 610.396 
849.337 622.344 242.65 595.394 
692.534 622.882 92.6761 635.959 
761.784 628.168 162.475 623.184 
734.698 635.371 137.549 636.958 
638.926 644.181 38.9395 674.466 
794.488 655.574 197.554 640.942 
739.671 656.295 146.618 656.013 
728.014 96.3599 60.7711 91.695 
728.014 96.3599 60.7711 91.695 
730.665 116.67 65.1745 117.917 
813.284 296.21 169.191 289.218 
819.901 320.791 177.273 312.212 
836.991 320.984 193.664 310.156 
836.991 320.984 193.664 310.156 
842.695 327.099 199.363 315.412 
815.218 378.135 177.678 368.438 
806.781 378.89 169.817 370.263 
798.04 379.669 161.349 372.68 
789.065 380.732 152.789 374.919 
784.568 383.426 148.53 378.361 
800.962 388.108 165.525 380.058 
730.565 415.012 98.6812 418.404 
715.735 417.569 83.9681 423.64 
700.159 420.222 68.3197 429.168 
729.136 420.578 98.6021 424.226 
90.1152 421.371 387.543 460.623 
702.428 427.414 71.8797 436.076 
735.795 447.139 108.524 448.619 
843.516 478.083 216.542 460.329 
771.117 489.373 148.762 484.779 
791.939 494.759 169.744 486.369 
740.21 496.277 118.903 498.105 
761.611 497.498 140.508 495.02 
767.066 497.584 146.009 493.86 
756.823 499.917 136.269 498.382 
751.005 500.745 130.559 500.16 
723.437 508.03 104.075 513.366 
769.732 512.383 151.447 506.961 
759.12 516.433 141.71 513.306 
641.793 525.527 21.6382 549.228 
676.114 525.819 58.3116 541.522 
682.254 530.578 65.9905 545.052 
697.894 530.539 82.2015 541.722 
634.056 533.068 14.4488 559.031 
634.905 548.014 18.6593 574.382 
634.905 548.014 18.6593 574.382 
619.831 563.954 5.40065 594.797 
844.05 567.517 230.26 544.975 
674.902 582.539 66.0482 599.982 
775.794 587.66 167.979 580.136 
727.451 588.865 119.785 593.669 
768.911 637.141 171.424 629.73 
742.134 638.154 145.081 637.395 
749.663 641.34 153.43 638.605 
749.663 641.34 153.43 638.605 
748.877 647.057 153.935 644.675 
747.154 657.972 154.837 655.249 
729.78 173.47 69.8214 175.485 
735.585 177.56 76.7176 179.734 
742.202 222.01 87.6213 223.586 
786.091 306.028 142.179 301.853 
786.091 306.028 142.179 301.853 
762.125 353.486 220.99 539.989 
843.795 361.499 202.891 348.448 
843.795 361.499 202.891 348.448 
838.876 371.898 199.467 359.012 
744.734 378.788 108.04 380 
787.376 411.17 153.753 405.238 
746.914 441.154 119.094 441.711 
759.345 441.97 131.646 440.272 
732.25 464.047 104.853 467.815 
753.937 513.868 136.306 511.687 
731.742 520.277 114.889 523.305 
721.446 523.06 104.92 528.193 
670.379 534.763 53.8566 552.07 
663.663 536.05 47.1578 555.129 
653.223 550.326 37.7783 572.805 
814.648 551.887 199.698 536.603 
833.016 555.842 217.969 536.556 
821.052 561.029 207.699 544.02 
636.677 589.253 27.0734 617.068 
710.859 613.982 108.818 622.284 
636.071 617.687 30.0264 647.612 
634.764 627.397 30.9214 657.847 
634.764 627.397 30.9214 657.847 
750.667 634.292 152.608 631.398 
442.33 659.191 509.539 591.353 
442.33 659.191 493.142 589.641 
737.089 660.852 145.113 661.424 
715.319 170.511 54.166 173.154 
747.989 226.036 89.9026 202.217 
760.674 277.704 113.576 277.845 
680.907 342.432 39.0208 352.898 
661.328 412.853 27.2745 428.703 
726.353 420.089 92.6966 423.321 
673.288 420.993 40.1307 434.15 
709.845 451.718 81.2259 459.319 
781.141 456.753 153.232 450.974 
431.586 459.509 47.2531 601.341 
646.185 459.512 16.5904 479.277 
821.169 490.201 195.697 476.256 
687.98 532.911 72.5343 546.156 
826.208 557.578 211.832 539.657 
652.541 570.517 39.7362 593.954 
823.397 574.62 212.409 555.757 
762.109 578.022 152.916 574.593 
670.577 585.758 62.0629 604.435 
629.415 594.683 21.6834 624.092 
753.696 616.93 152.138 613.776 
782.422 616.462 180.322 606.272 
760.747 617.251 159.137 613.006 
740.646 626.011 140.894 627.064 
744.952 631.258 146.732 630.072 
781.207 631.337 182.038 620.689 
792.914 636.861 193.937 622.758 
780.148 640.314 182.789 628.982 
799.205 651.594 201.18 636.655 
732.642 655.124 139.224 657.351 
732.642 655.124 139.224 657.351 
712.159 364.557 74.1922 370.984 
696.56 389.523 60.1565 398.751 
166.258 393.134 108.368 511.485 
696.528 484.672 72.3706 495.549 
742.787 508.908 124.42 509.946 
720.368 515.957 102.655 522.066 
696.304 517.153 77.747 528.573 
708.106 518.163 90.8619 526.284 
672.325 521.54 53.3481 537.749 
672.325 521.54 53.3481 537.749 
773.878 528.088 156.945 522.595 
766.749 532.919 149.093 528.621 
766.749 532.919 149.093 528.621 
763.587 569.304 152.485 565.732 
644.772 569.967 31.6287 595.29 
365.239 585.261 286.517 396.601 
508.212 590.742 702.758 626.559 
628.485 617.618 22.0144 648.974 
788.007 628.342 187.451 616.169 
800.588 630.169 199.386 614.343 
643.035 633.676 40.7081 661.26 
796.589 660.355 200.505 645.179 
813.392 666.947 217.139 646.862 
803.855 670.848 209.341 652.824 
803.855 670.848 209.341 652.824 
675.853 350.543 37.0828 361.772 
682.174 378.69 44.1211 390.112 
800.179 424.576 167.261 416.785 
800.179 424.576 167.261 416.785 
750.174 455.977 122.394 455.999 
654.267 460.551 24.7588 479.505 
654.267 460.551 24.7588 479.505 
687.213 479.415 62.3569 491.93 
687.213 479.415 62.3569 491.93 
712.601 490.374 89.9841 498.158 
778.065 553.984 164.608 546.683 
661.939 575.168 50.6987 596.144 
675.605 593.863 68.1263 611.456 
796.885 596.153 190.503 581.727 
702.311 361.643 63.6203 369.241 
765.518 361.884 126.944 360.026 
637.256 536.53 18.8335 562.037 
651.783 535.2 33.9261 557.827 
774.475 538.033 159.376 532.295 
796.403 547.043 181.8 536.197 
753.809 294.43 108.77 294.842 
662.412 589.062 53.5396 610.022 
716.785 640.085 121.931 645.941 
454.407 195.538 218.789 205.841 
675.638 370.074 36.8262 381.99 
764.827 595.935 159.137 591.251 
683.808 184.157 636.391 201.135 
794.69 521.829 174.253 512.858 
794.69 521.829 174.253 512.858 
725.12 553.704 113.603 556.588 
816.92 607.323 210.477 588.956 
679.679 181.677 636.391 201.135 
720.548 198.383 62.9742 194.214 
