165
1211.75 1220.49 1204.62 407.279 
881.637 1221.38 879.774 401.914 
872.829 1186.56 871.254 367.799 
1238.19 1216.7 1230.94 403.798 
674.79 1058.44 672.352 242.245 
670.221 949.05 665.834 133.117 
875.715 986.946 873.86 167.324 
823.805 1145.92 821.961 329.36 
1079.07 947.928 1081.13 130.425 
601.361 1025.54 596.488 209.503 
823.805 1145.92 821.961 329.36 
872.829 1186.56 871.254 367.799 
604.384 1003.65 598.935 189.102 
879.751 1179.68 878.384 360.902 
833.071 1125 815.684 295.468 
600.247 992.553 593.941 177.276 
750.315 1096.7 748.385 279.619 
1170.71 1201.86 1163.96 387.522 
784.51 1115.83 782.83 299.433 
1063.63 913.812 1065.95 95.0767 
1239.59 947.96 1244.56 135.422 
967.044 1026.31 965.766 208.168 
877.986 1100.59 876.287 282.543 
310.47 1060.56 305.688 257.02 
806.626 1132.3 804.304 315.524 
848.057 1137.29 846.316 320.664 
806.626 1132.3 804.304 315.524 
629.007 1272.88 631.873 456.109 
608.776 1255.52 610.762 438.549 
1079.07 947.928 1081.13 130.425 
629.007 1272.88 631.873 456.109 
107.485 1262.3 124.299 465.867 
835.305 1325.37 834.816 505.325 
700.435 844.998 696.959 870.998 
610.426 1128 608.921 312.168 
612.86 1245.05 615.141 428.567 
877.986 1100.59 876.287 282.543 
1337.55 947.094 1343.46 130.131 
1084.6 1206.49 1080.41 389.839 
1320.73 848.842 1333.02 36.4022 
1056.55 947.98 1057.65 130.344 
1105.94 1224.02 1100.44 407.004 
1130.65 1335.94 1121.48 516.116 
865.658 872.647 863.684 50.5052 
1337.55 947.094 1343.46 130.131 
1128.53 1227 1122.47 410.98 
1610.87 1323.06 1584.49 522.908 
599.062 842 810.512 690.906 
602.613 1012.03 597.039 196.792 
609.083 1192.67 610.305 378.095 
1387.33 840.976 1403.11 30.76 
780.919 1079.21 778.896 261.789 
864.976 1297.24 863.557 475.574 
662.707 994.912 94.2714 507.42 
984.021 1203.79 980.476 385.003 
589.28 1286.41 593.662 469.796 
307.108 1076.44 302.697 273.084 
511.448 517.824 466.576 59.5606 
761.5 1107.03 759.639 291.071 
882.375 1255.89 880.265 435.297 
1597.49 1098 1594.72 305.216 
977.914 906.508 978.242 85.1349 
1239.04 1227.44 1231.08 413.483 
1320.55 869.012 1331.91 57.0005 
655.061 1154.98 719.48 504.481 
1608.89 856.231 1633.87 57.4371 
802.787 1040.24 800.08 223.927 
873.86 1123.44 872.03 305.427 
447.512 940.005 435.877 128.347 
1316.04 565.005 232.984 823.425 
806.211 1048.02 710.475 184.516 
441.564 1046.44 436.274 236.541 
1202.95 956.422 1027.57 135.345 
590.602 1307.87 596.003 490.038 
989.849 946.978 990.135 128.252 
1353.38 1037.66 1354.37 221.544 
691.425 943.265 685.062 125.522 
850.372 1061.95 1207.56 532.203 
1498.16 440.58 231.924 793.074 
586.432 989.869 578.682 175.632 
1358.99 838.763 1372.98 26.652 
897.041 1200.79 894.941 381.795 
869.199 931.857 867.153 111.579 
1221.07 879.587 1228.63 64.4246 
705.863 1061.64 703.124 245.472 
1203.03 1119.12 1200.41 306.494 
1266.15 1336.6 1253.46 519.991 
306.645 1037.43 299.668 234.099 
1459.07 852.709 1551.1 56.904 
1471.03 853.979 1609.24 65.2186 
1409.55 844.761 1503.99 45.8331 
58.0012 903.97 29.2279 109.783 
850.917 1329.72 849.871 510.106 
935.222 907.992 935.078 86.9565 
1614.35 1323.7 1588.43 523.636 
865.199 840.59 862.962 17.175 
875.559 1034.53 873.799 216.471 
692.377 974.488 686.006 158.638 
1588.04 1325.05 1562.94 523.685 
1033.37 947.931 655.037 775.358 
919.75 530.785 164.605 706.325 
1027.8 1102.08 212.592 381.565 
761.98 1362.72 603.155 812.462 
688.083 1072.22 685.441 256.021 
484.534 826.107 467.551 8.30356 
1507.99 852.649 1527.48 48.1249 
700.09 947.036 694.544 124.923 
875.625 1074.66 873.787 256.45 
1389.85 1226.78 1379.64 420.936 
1644.56 863.915 1669.99 67.0795 
1238.93 1275.79 987.917 645.604 
1240.21 1329.48 1228.04 512.528 
897.207 490.87 621.1 901.402 
691.425 943.265 685.062 125.522 
742.777 999.593 732.319 174.187 
1653.57 537.085 224.463 771.737 
1133.8 840.547 1140.51 20.9665 
624.716 995.026 94.2714 507.42 
992.576 1290.14 1251.95 472.818 
607.213 1081.94 604.744 268.113 
874.818 879.134 872.792 57.1827 
1641.7 972.205 1656.94 365.26 
1302.71 473.522 241.61 903.888 
1170.71 1201.86 1163.96 387.522 
1654.14 509.672 850.227 782.338 
591.523 1179.91 593.941 177.276 
794.254 888.645 787.897 72.9119 
1596.4 510.249 464.324 233.575 
991.371 1199.78 988.418 381.798 
989.849 946.978 990.135 128.252 
606.935 1012.84 602.163 197.856 
107.485 1262.3 124.299 465.867 
705.863 1061.64 703.124 245.472 
51.7377 623.347 850.227 782.338 
683.029 1078.01 60.8069 702.596 
1255.98 1194.42 1249.52 382.808 
1215.15 1216.6 1205.96 401.525 
872.473 1164.86 871.213 346.301 
1112.15 943.351 1202.6 130.089 
1394.05 1064.93 1709.16 285.461 
1707.59 975.86 1656.94 365.26 
1676.5 548.311 586.577 302.452 
12.7092 628.086 825.515 801.286 
1530.38 692.222 1588.16 305.371 
1247.2 854.013 1256.67 38.3826 
472.621 758.688 24.6672 263.183 
779.428 1088.33 778.194 274.144 
1436.66 1110.54 1536.31 653.645 
1405.48 1049.19 1406.83 245.192 
559.009 836.424 545.672 17.5035 
863.931 1333.03 862.684 512.651 
621.003 811.202 383.189 154.907 
1466.91 607.501 493.79 121.689 
1400.26 505.874 466.576 59.5606 
1649.85 1351.46 1617.68 552.319 
1558.74 1046.17 1561.7 251.028 
618.363 965.272 611.654 147.944 
839.636 1324.83 839.211 505.493 
877.14 894.414 875.041 73.131 
624.857 989.955 94.2714 507.42 
1350.69 603.452 869.105 336.64 
1306.51 855.495 1318.57 42.0366 
413.442 508.901 258.549 347.977 
591.61 998.825 251.986 865.915 
988.997 1195.65 986.012 377.495 
