0.40164
0.528231
0.211861
0.451883
0.677901
0.641235
0.3415
0.342267
0.665761
0.453627
0.292178
0.326245
0.353933
0.468644
0.633571
0.693485
0.308116
0.611336
0.646121
0.408814
0.40541
0.470094
0.43775
0.559899
0.524619
0.596066
0.273155
0.169248
0.331399
0.311636
0.510636
0.61714
0.640146
0.695928
0.670359
0.416319
0.287443
0.664485
0.640671
0.525085
0.379282
0.198761
0.459463
0.566218
0.51191
0.235661
0.27966
0.314897
0.530467
0.585848
0.532468
0.25844
0.225137
0.323996
0.676725
0.361977
0.559925
0.477508
0.674071
0.434767
0.49922
0.670773
0.608
0.591097
0.531322
0.339011
0.673714
0.267162
0.535807
0.654522
0.4455
0.506925
0.311467
0.290034
0.58851
0.149319
0.302152
0.255407
0.294284
0.187439
0.383788
0.617025
0.378713
0.43497
0.241857
0.421047
0.475604
0.54652
0.589069
0.413818
0.402887
0.528755
0.65957
0.521933
0.430472
0.393505
0.324088
0.215645
0.628654
0.471878
0.698288
0.616505
0.573532
0.476605
0.288796
0.334537
0.667699
0.319716
0.399292
0.234977
0.262848
0.26943
0.344853
0.333589
0.354678
0.324708
0.271916
0.603556
0.479691
0.372463
0.294765
0.404648
0.309711
0.437363
0.443831
0.344052
0.62046
0.681619
0.239855
0.53368
0.465604
0.530846
0.499261
0.633412
0.675358
0.555471
0.572753
0.537249
0.40817
0.405187
0.576303
0.450169
0.270982
0.561384
0.669821
0.171804
0.369723
0.324735
0.323023
0.253316
0.37039
0.402919
0.40682
0.283492
0.517338
0.40006
0.445128
0.560714
0.347807
0.359842
0.681783
0.273574
0.197013
0.603857
0.275047
0.31413
0.380771
0.516827
0.691722
0.419077
0.514698
0.540472
0.451578
0.401246
0.475922
0.386211
0.151374
0.205913
0.346324
0.516268
0.481934
0.375173
0.21628
0.200383
0.246457
0.633519
0.473211
0.346162
0.537473
0.308435
0.326913
0.64047
0.522653
0.533864
0.550692
0.683172
0.506023
0.446558
0.372473
0.224365
0.417005
0.391645
0.4895
0.603185
0.690857
0.241789
0.279456
0.567019
0.356372
0.591802
0.255852
0.404306
0.483969
0.30926
0.374506
0.419541
0.349115
0.34692
0.688603
0.240914
0.395319
0.45189
0.380981
0.478658
0.399454
0.372433
0.278514
0.379407
0.314198
0.3119
0.278345
0.653558
0.546562
0.366846
0.561113
0.632666
0.28789
0.493479
0.566158
0.509438
0.575821
0.191396
0.408686
0.335807
0.484963
0.482721
0.42425
0.317736
0.279875
0.426183
0.679452
0.467185
0.324035
0.308406
0.648488
0.256421
0.214972
0.69428
0.645004
0.31585
0.39625
0.30167
0.301992
0.27201
0.566083
0.498496
0.629562
0.328425
0.648971
0.416306
0.353509
0.229975
0.527888
0.527957
0.690579
