0.667355
0.686851
0.643362
0.688677
0.565012
0.547616
0.601924
0.637839
0.573682
0.578624
0.595521
0.624966
0.468781
0.671518
0.562243
0.684797
0.608918
0.572476
0.59163
0.521575
0.688348
0.685608
0.671768
0.523741
0.660655
0.511779
0.635873
0.58732
0.650418
0.672811
0.655777
0.678289
0.599854
0.645832
0.672867
0.663772
0.560254
0.426509
0.580072
0.468573
0.344333
0.574455
0.531706
0.447976
0.601969
0.69146
0.593285
0.647174
0.557673
0.517015
0.553669
0.551212
0.664308
0.325103
0.631188
0.512925
0.569985
0.681986
0.557233
0.426816
0.666309
0.549765
0.534002
0.65846
0.679535
0.696717
0.546649
0.699836
0.553595
0.478348
0.644088
0.439674
0.638113
0.492912
0.411336
0.606311
0.574513
0.562497
0.674694
0.645921
0.558858
0.625945
0.69784
0.477313
0.546143
0.635145
0.639998
0.65379
0.579082
0.670078
0.413888
0.551234
0.638304
0.65742
0.628419
0.677895
0.271428
0.328419
0.561915
0.61379
0.574729
0.550011
0.623675
0.533928
0.477434
0.50203
0.60034
0.602463
0.394868
0.404571
0.395698
0.518266
0.474952
0.694045
0.358617
0.650243
0.398449
0.503569
0.66534
0.631073
0.634995
0.691259
0.345227
0.61383
0.535735
0.382311
0.541081
0.492343
0.489218
0.554081
0.597415
0.671785
0.596236
0.667319
0.380425
0.398874
0.375547
0.460369
0.440702
0.468885
0.424071
0.361551
0.693042
0.446647
0.408278
0.462708
0.473743
0.67002
0.453965
0.524019
0.479375
0.631616
0.60053
0.592223
