2207
1377.61 106.595 650.687 302.901 
1588.83 112.47 1418.83 1361.6 
1339.04 265.664 1551.08 1121.81 
1180.47 290.403 972.351 487.934 
874.042 325.195 1642.21 654.411 
821.949 333.875 6.20876 625.604 
775.98 396.267 30.5743 502.609 
1314.72 404.09 1080.82 312.132 
1316.41 416.404 1080.82 312.132 
1326.52 432.257 843.517 425.155 
768.58 437.675 1033.77 593.449 
1602.83 504.208 1654.92 91.1232 
1458.03 509.458 1429.71 86.0591 
805.504 568.838 695.375 199.2 
860.975 577.704 746.658 334.675 
695.653 606.339 1569.03 1077.06 
1249.56 624.096 1126.66 263.897 
1224.92 668.931 381.711 1184.2 
270.667 722.883 1081.48 1203.66 
1144.03 741.162 773.956 924.271 
1395.01 755.863 1319.71 8.27054 
1383.03 756.482 1307.19 8.85654 
1392.21 759.999 1316.27 12.4808 
1395.13 760.909 1319.51 13.1695 
1240.56 762.441 1160.28 6.36078 
1399.98 768.084 1323.22 20.9901 
1403.35 770.262 1326.35 23.5993 
1381.82 771.981 1304.3 24.2205 
1388.65 775.632 1310.88 28.7486 
1388.65 775.632 1310.88 28.7486 
1386.53 778.734 1308.65 32.7438 
1393.04 779.258 1314.77 32.4867 
1404.48 781.003 1326.56 34.7293 
848.149 781.458 754.89 6.91384 
855.494 782.158 762.486 8.71209 
825.333 784.088 731.157 9.07891 
1384.89 786.929 1305.85 40.4364 
1403.16 789.224 1324.03 43.7188 
845.886 789.513 752.448 18.4102 
1393.92 791.054 1314.77 44.773 
529.306 791.973 422.378 6.91478 
541.034 792.529 434.534 8.33915 
1235.23 792.657 1152.2 37.4532 
1238.07 792.486 1155.12 37.7868 
1421.72 793.506 1342.73 48.8409 
1198.41 796.386 1113.96 39.1751 
1401.33 797.066 1321.31 52.0593 
690.574 798.194 591.076 18.8778 
1389.22 798.432 1309.09 52.9167 
542.216 801.567 436.199 17.0448 
662.409 801.64 561.672 22.0348 
690.427 801.31 590.91 23.0868 
1007.05 801.414 917.994 36.2961 
275.62 802.002 152.675 6.10184 
1303.12 801.883 1221.19 50.9915 
781.39 805.124 684.117 29.4785 
627.997 805.782 526.486 25.6523 
1408.1 805.805 1327.53 61.2227 
1196.6 806.352 1111.54 49.1688 
852.541 806.855 758.099 34.2774 
321.316 810.555 202.79 18.1664 
1408.82 810.753 1327.88 66.3939 
941.56 813.18 850.194 17.2809 
626.797 813.771 524.954 34.3235 
323.457 814.59 204.559 21.9368 
631.32 814.353 529.36 34.8949 
566.006 817.149 460.89 35.2059 
1044.02 817.367 954.402 53.7749 
1574.67 817.419 1495.95 82.7443 
659.655 819.246 558.745 40.6893 
939.16 818.914 847.507 50.6431 
856.087 821.877 761.34 50.5855 
623.949 823.443 520.98 44.0581 
692.194 823.44 592.556 45.1723 
1031.59 825.06 941.22 61.6153 
844.586 827.447 749.372 55.5696 
695.398 829.107 595.785 51.5547 
614.586 830.124 512.071 50.8395 
1015.62 829.895 924.749 65.8277 
1411.77 830.807 1328.5 87.555 
844.434 831.184 749.189 59.5807 
1372.47 831.25 1288.53 86.6671 
846.816 832.557 751.833 61.058 
846.816 832.557 751.833 61.058 
1236.98 832.96 1150.45 79.8252 
1409.65 834.107 1325.78 90.6957 
267.011 834.582 145.271 41.2698 
1239.3 834.596 1152.89 82.4654 
1063.91 835.501 973.273 73.9417 
1216.61 835.405 1129.4 81.6331 
1030.57 835.756 939.805 72.7169 
1244.89 835.971 1158.22 83.5956 
265.179 837.043 144.224 43.8705 
1069.66 837.081 978.957 76.6981 
274.465 838.524 153.471 45.9477 
1242.63 840.126 1155.69 88.62 
673.084 841.026 572.084 63.4464 
1242.93 844.051 1155.7 91.6517 
1275.2 845.341 1188.54 94.9475 
378.737 846.481 265.04 59.7117 
1248.27 846.774 1160.91 95.3074 
782.189 848.947 684.461 75.8321 
828.09 849.926 731.102 79.7242 
1248.82 850.852 1160.97 99.6809 
1243.39 852.193 1155.46 100.408 
1243.39 852.193 1155.46 100.408 
642.358 852.604 540.199 74.6381 
639.937 854.053 537.204 76.38 
1246.31 854.083 1158.33 101.499 
1246.31 854.083 1158.33 101.499 
600.391 854.521 497.128 76.3897 
1238.96 854.682 1150.69 102.15 
926.857 856.618 826.964 283.415 
947.423 859.169 853.199 93.5914 
311.376 864.642 194.042 76.2441 
325.213 864.982 209.06 76.4791 
325.213 864.982 209.06 76.4791 
325.213 864.982 209.06 76.4791 
322.127 866.676 205.985 78.5138 
596.36 868.169 493.145 89.9614 
288.41 869.004 171.333 80.0765 
329.008 870.695 214.635 83.5522 
1240.83 870.471 1151.26 119.12 
348.793 871.544 233.828 84.8708 
403.058 873.486 291.635 89.2846 
287.156 874.328 168.568 85.1212 
801.363 874.586 703.535 103.742 
1203.45 874.507 1113.34 120.435 
662.954 874.794 561.033 99.6496 
1001.33 877.563 907.285 114.937 
730.891 877.957 630.787 104.629 
257.88 879.054 137.657 89.1252 
964.691 879.205 869.529 114.875 
1241.43 878.928 1150.02 62.4803 
785.396 881.565 633.869 168.468 
300.637 882.651 183.662 94.3382 
300.637 882.651 183.662 94.3382 
401.683 882.743 291.004 99.0398 
710.912 882.521 610.157 108.778 
1248.99 882.417 1158.66 131.949 
1248.99 882.417 1158.66 131.949 
1381.24 883.952 1292.49 140.954 
970.64 883.907 876.107 119.901 
410.345 884.374 298.886 100.325 
793.013 884.402 694.421 113.375 
391.78 885.453 280.297 101.425 
470.766 885.626 363.134 104.989 
1001.3 885.566 906.759 123.532 
526.68 885.999 419.904 108.325 
661.404 887.171 559.578 111.92 
1117.67 887.098 1025.29 129.03 
1117.67 887.098 1025.29 129.03 
915.498 889.993 819.97 123.58 
1450.39 890.974 1362.73 151.42 
326.261 891.706 210.117 105.787 
253.867 892.941 134.5 103.489 
695.522 892.799 594.153 119.14 
316.513 893.422 200.614 106.685 
858.394 893.891 760.858 125.437 
484.633 894.412 376.661 113.307 
349.575 895.563 236.29 111.672 
1704.33 895.815 1615.2 171.348 
397.008 897.329 285.503 114.293 
711.788 898.598 611.111 125.302 
1703.75 898.716 1615.69 174.122 
488.332 899.289 380.494 119.202 
217.784 899.869 97.046 109.897 
392.866 900.849 281.917 117.936 
361.928 901.958 249.171 118.036 
395.919 903.688 284.631 120.842 
523.279 904.704 416.947 125.446 
486.36 905.85 378.522 125.981 
486.36 905.85 378.522 125.981 
1599.46 906.494 1509.32 176.323 
492.43 907.385 384.882 127.646 
1249.63 907.707 1156.96 157.324 
353.968 909.041 241.009 124.691 
353.968 909.041 241.009 124.691 
698.619 909.633 596.661 137.182 
495.109 909.645 387.91 130.306 
348.248 912.031 235.118 127.689 
641.03 912.696 537.798 137.694 
712.34 912.663 611.567 139.297 
666.106 915.293 1168.91 312.244 
1004.3 915.608 908.312 154.279 
843.263 916.048 744.868 122.292 
859.051 915.86 760.686 148.189 
859.051 915.86 760.686 148.189 
399.193 916.554 288.013 134.231 
399.193 916.554 288.013 134.231 
1255.93 919.163 1162.59 170.523 
1326.9 919.414 1234.09 174.751 
816.431 920.031 814.575 80.808 
404.084 920.701 293.415 139.173 
483.614 921.12 376.082 141.672 
687.15 922.068 585.087 148.872 
1698.16 923.089 1605.15 198.289 
403.535 923.911 292.924 142.357 
491.941 924.279 384.476 145.47 
907.6 924.627 809.91 159.102 
535.48 925.468 428.906 147.828 
1319.44 926.55 1226.43 181.353 
690.058 928.573 587.685 155.69 
1321.66 928.692 1228.22 183.637 
407.81 930.692 297.392 149.585 
506.605 934.033 398.983 155.977 
660.558 931.944 558.017 157.897 
1141.87 932.046 898.174 1159.18 
663.657 932.298 560.681 158.853 
765.308 934.441 664.797 164.244 
912.119 934.729 813.711 169.51 
669.193 935.034 566.185 162.31 
1380.08 935.982 1285.94 195.425 
511.972 936.709 405.131 158.339 
1385.3 938.245 1291.22 196.607 
534.375 938.319 428.055 160.559 
1217.51 939.26 1122.04 188.469 
1145.43 939.518 471.7 1147.39 
952.353 940.43 854.363 177.353 
511.983 941.161 376.128 205.011 
1219.05 941.915 1123.55 191.436 
1219.05 941.915 1123.55 191.436 
911.141 942.542 812.743 177.942 
502.618 943.354 365.901 208.681 
263.2 943.933 146.463 158.071 
263.2 943.933 146.463 158.071 
1127.62 943.958 1031.34 188.581 
439.354 944.245 330.074 164.651 
1214.52 944.994 1118.81 193.865 
665.988 945.946 562.554 174.05 
665.988 945.946 562.554 174.05 
296.669 946.482 181.758 162.209 
1172.27 946.786 1076.92 228.537 
257.033 946.887 139.517 161.378 
1190.08 948.215 1094.19 195.707 
703.309 948.918 601.31 176.679 
441.12 949.978 331.669 171.015 
1162.59 949.757 1047.75 242.135 
563.521 950.491 458.548 174.851 
497.679 951.913 390.328 173.874 
1163.53 952.4 1066.64 198.972 
304.62 953.018 190.162 169.17 
659.011 953.811 556.386 180.504 
698.286 954.036 595.831 181.715 
533.517 954.824 427.065 177.703 
508.932 955.565 401.932 177.028 
564.428 955.665 459.314 179.928 
319.841 955.911 206.817 172.451 
757.7 955.822 656.169 185.906 
657.607 957.227 554.513 183.972 
315.593 957.721 201.871 174.533 
587.248 958.573 482.692 183.823 
381.62 959.538 270.641 178.91 
252.84 961.744 135.91 176.634 
315.704 961.64 202.15 178.436 
482.524 961.918 374.776 184.214 
970.622 962.194 870.787 200.965 
1138.43 963.044 1046 245.503 
399.803 963.48 289.35 183.618 
1052.54 963.566 954.478 204.884 
353.023 963.793 240.507 182.232 
1237.41 964.146 1140.09 215.228 
839.54 966.392 717.658 216.317 
796.549 967.544 695.375 199.2 
796.549 967.544 695.375 199.2 
500.687 969.275 393.308 191.124 
342.415 969.707 230.111 188.309 
496.324 969.471 388.954 191.598 
1694.98 972.12 1594.39 248.316 
481.677 973.746 374.079 195.625 
391.866 974.331 281.569 193.966 
259.521 975.07 143.727 190.664 
426.507 975.94 316.824 197.02 
795.692 978.11 694.535 209.862 
616.054 982.203 511.195 209.003 
483.651 982.312 376.128 205.011 
500.287 983.122 393.624 206.172 
1088.64 983.386 989.442 226.927 
392.908 985.359 282.763 205.879 
792.561 985.968 691.077 217.847 
256.824 986.494 141.332 202.506 
386.647 986.467 276.528 207.128 
386.647 986.467 276.528 207.128 
1196.56 988.251 1097.44 237.302 
325.005 989.299 212.549 207.445 
325.005 989.299 212.549 207.445 
483.357 989.725 375.764 212.41 
321.631 990.252 209.217 208.31 
396.981 992.464 287.08 213.714 
656.724 995.583 552.539 223.944 
335.925 998.149 921.838 1082.51 
457.634 1001.25 349.555 223.576 
688.36 1004.48 519.303 316.565 
436.047 1006.14 327.053 228.356 
332.226 1008.13 221.182 227.197 
473.834 1008.17 366.544 231.53 
355.479 1008.35 244.846 228.495 
480.744 1009.65 373.804 232.453 
977.162 1009.29 875.895 248.246 
629.473 1010.96 524.917 238.636 
1397.5 1011.45 1295.91 270.955 
476.612 1013.76 369.092 236.547 
443.596 1017.31 335.177 239.742 
433.108 1019.36 256.037 304.56 
452.771 1026.56 344.741 248.871 
1129.92 1026.5 1027.51 271.194 
1388.48 1026.46 1285.56 285.963 
714.92 1026.9 611.17 256.75 
1179.37 1026.89 1075.35 163.307 
235.511 1028.05 120.852 244.653 
253.329 1029.61 139.526 247.228 
1125.58 1029.43 1022.9 273.941 
438.37 1030.26 330.056 252.355 
445.957 1033.36 337.696 256.071 
714.958 1033.93 610.929 263.916 
714.958 1033.93 610.929 263.916 
564.659 1034.7 458.606 260.999 
564.659 1034.7 458.606 260.999 
308.607 1035.23 196.638 254.363 
548.784 1035.41 443.003 260.985 
1165.74 1035.38 787.517 885.048 
174.288 1039.72 1076.19 175.826 
723.434 1041.56 619.089 272.057 
974.138 1042.01 871.109 281.098 
375.94 1042.45 266.44 263.41 
713.104 1042.87 608.84 273.111 
313.711 1043.98 202.224 263.831 
443.465 1044.35 335.432 267.495 
378.501 1044.92 269.128 266.896 
1351.57 1045.25 1247.36 302.475 
430.445 1045.4 322.163 267.603 
925.498 1045.58 822.39 283.556 
444.95 1047.29 393.624 206.172 
441.986 1048.1 333.953 271.301 
403.464 1052.28 294.619 274.958 
427.467 1053.27 319.057 275.922 
972.841 1053.86 869.472 293.35 
399.94 1056.45 291.173 278.482 
396.532 1057.54 287.369 279.572 
704.204 1058.11 599.753 288.314 
628.677 1058.64 521.611 319.44 
237.484 1058.77 124.265 275.882 
355.874 1061.49 246.106 282.764 
1150.22 1063.47 45.5124 1165.22 
208.006 1064.14 94.5618 281.87 
219.576 1064.96 106.566 282.068 
403.876 1065.31 295.342 287.819 
655.315 1066.36 519.303 316.565 
750.065 1066.72 645.389 297.305 
1170.94 1066.41 1047.75 242.135 
406.408 1067.12 298.03 289.87 
385.724 1068.4 276.997 290.331 
537.439 1068.41 431.093 294.649 
537.439 1068.41 431.093 294.649 
544.897 1070.4 438.632 296.282 
700.167 1070.83 594.394 301.008 
517.502 1071.46 410.984 295.947 
754.912 1071.54 650.687 302.901 
929.636 1071.89 826.166 309.132 
625.43 1076.19 519.77 304.184 
1136.08 1076.94 1030.39 321.792 
686.454 1078.39 581.216 308.164 
856.685 1082.93 752.034 317.516 
396.533 1085.58 288.171 307.52 
1074.38 1084.92 968.785 328.492 
394.651 1088.78 286.099 311.512 
276.797 1091.62 165.984 309.92 
211.897 1092.28 99.6047 309.994 
1053.34 1095.02 507.086 296.625 
1111.85 1098.04 1004.64 342.313 
213.824 1098.54 101.259 316.169 
362.932 1100.02 254.139 320.897 
697.461 1099.8 591.406 329.841 
355.603 1103.5 246.837 325.337 
244.678 1104.24 133.637 322.734 
372.449 1104.74 263.91 326.95 
637.711 1103.96 555.792 551.75 
329.7 1104.89 220.824 325.437 
253.854 1105.52 277.215 109.595 
468.874 1106.2 233.115 712.598 
227.511 1106.93 116.04 324.535 
329.869 1107.77 220.455 328.904 
1025.6 1108.21 918.991 348.392 
709.472 1108.81 603.594 339.249 
857.473 1109.07 751.851 344.127 
637.047 1109.52 531.013 337.837 
284.839 1110.06 174.323 329.975 
860.833 1109.93 754.629 344.873 
361.648 1112.46 253.139 334.692 
443.442 1119.06 389.465 301.721 
443.442 1119.06 389.465 301.721 
896.434 1119.29 790.1 355.721 
635.883 1119.91 528.957 349.487 
638.564 1121.56 501.656 378.194 
211.905 1123.61 100.664 340.906 
1350.62 1123.78 1239.24 379.816 
263.072 1124.59 153.06 343.718 
274.47 1124.38 164.465 344.699 
306.676 1131.18 197.75 351.812 
856.765 1136.37 750.166 371.541 
323.013 1140.16 214.441 361.418 
974.647 1139.81 866.31 378.827 
1242.52 1139.79 1131.8 390.992 
1123.85 1140.33 1014.06 384.795 
628.828 1141.19 521.988 369.126 
275.449 1142.02 166.085 361.388 
976.396 1142.21 867.911 381.27 
211.175 1143.33 100.703 361.87 
608.174 1150.31 501.656 378.194 
1000.05 1151.94 891.568 391.508 
330.018 1153.06 221.896 374.532 
1450.81 1154.63 1334.67 415.625 
672.762 1157.22 566.743 385.886 
672.762 1157.22 566.743 385.886 
195.924 1162.55 85.9077 380.093 
1089.06 1163.76 978.684 406.56 
1359.71 1164.81 1244.49 421.451 
1472.87 1168.07 1354.35 429.434 
1459.45 1168.61 1341.68 429.686 
1402.86 1174.65 1285.45 432.49 
1398.96 1176.57 1282.49 434.078 
1132.09 1178.43 1019.48 422.314 
801.693 1186.19 693.132 418.948 
1108.53 1190.26 996.335 432.494 
502.4 1192.29 395.651 417.427 
1087.46 1193.92 974.909 435.621 
439.819 1194.86 332.894 418.086 
403.073 1197.81 297.132 419.793 
1153.24 1198.8 1038.7 443.323 
229.657 1201.94 121.956 420.353 
1125.53 1202.39 1012.11 445.476 
518.113 1204.46 411.602 429.505 
233.46 1205.35 126.033 423.474 
196.316 1205.89 88.3697 422.915 
1045.5 1213.57 946.768 447.269 
585.581 1213.76 478.773 441.305 
194.626 1214.6 87.2764 431.739 
1046.45 1216.52 933.569 456.228 
436.656 1219.87 330.149 442.396 
424.617 1220.63 317.765 442.701 
550.826 1223.04 443.961 448.267 
510.679 1225.36 403.876 450.061 
608.218 1225.59 500.788 453.099 
784.596 1225.82 675.416 456.967 
625.288 1227.26 518.03 455.049 
186.384 1227.9 79.8493 445.19 
465.613 1228.49 359.045 451.413 
619.795 1229.71 512.122 456.979 
396.974 1230.79 290.515 452.798 
423.829 1232.74 316.971 453.783 
1023.26 1233.13 909.914 471.145 
575.52 1235.66 468.701 462.164 
379.499 1236.7 272.924 457.497 
499.98 1237.38 392.823 461.158 
439.046 1238.87 332.65 461.172 
497.97 1240.42 391.656 464.306 
497.97 1240.42 391.656 464.306 
480.711 1240.86 373.967 464.3 
974.048 1241.3 861.142 479.161 
372.962 1242.34 266.516 463.853 
497.526 1243.26 399.02 768.068 
494.573 1245.58 387.677 469.358 
391.474 1245.98 285.39 466.065 
562.918 1247.44 455.606 472.827 
427.066 1248.06 320.77 469.472 
969.685 1247.91 856.956 484.297 
514.495 1248.8 407.592 473.274 
363.295 1249.92 257.629 469.53 
363.295 1249.92 257.629 469.53 
954.842 1250 842.835 486.624 
424.903 1250.79 318.527 472.55 
485.909 1251.87 378.954 475.307 
961.138 1251.95 848.948 488.39 
489.193 1252.66 382.577 476.144 
1367.43 1252.68 1244.56 509.471 
624.412 1255.33 516.344 481.903 
613.761 1259.3 506.23 484.785 
499.291 1260.02 392.411 483.359 
484.339 1260.64 377.664 483.525 
381.314 1262.66 275.28 482.73 
423.18 1263.18 316.736 484.581 
346.727 1264.18 241.051 483.961 
494.167 1264.83 388.139 487.966 
729.791 1269.72 620.573 497.956 
390.163 1270.49 284.651 490.773 
420.323 1270.72 314.644 491.172 
380.815 1272.13 225.991 524.466 
554.492 1272.44 448.015 497.231 
356.65 1275.64 250.868 494.357 
476.168 1275.47 370.204 497.627 
377.004 1277.21 271.248 496.728 
182.538 1278.42 78.4449 494.494 
182.538 1278.42 78.4449 494.494 
323.434 1278.38 218.531 497.197 
186.996 1279.36 82.9736 494.581 
331.794 1279.87 226.889 498.516 
331.794 1279.87 226.889 498.516 
394.119 1280.76 288.65 500.526 
339.58 1281.46 234.518 500.217 
379.415 1282.62 274.086 502.43 
371.578 1283.63 266.36 502.974 
596.845 1283.95 489.2 509.615 
340.405 1287.15 235.193 505.98 
640.548 1289.93 531.973 516.333 
938.743 1290.62 824.262 524.915 
951.213 1291.67 836.581 526.352 
631.096 1293.33 546.97 752.047 
631.096 1293.33 546.97 752.047 
864.331 1298.62 751.792 529.833 
373.447 1299.29 268.619 518.493 
699.989 1300.16 597.816 267.839 
1692.65 1301.91 1458.74 600.967 
862.48 1302.67 749.755 533.599 
385.664 1302.96 280.53 521.762 
418.081 1304.89 312.657 524.06 
936.872 1305.23 822.414 538.234 
296.014 1306.26 191.905 523.485 
623.019 1306.28 514.409 531.059 
314.761 1307.05 210.605 524.927 
357.669 1307.44 253.095 525.613 
620.401 1309.07 511.923 533.686 
284.925 1309.4 181.098 526.14 
286.813 1311.78 183.086 528.516 
676.485 1311.36 566.921 537.37 
681.86 1311.82 572.365 537.381 
681.86 1311.82 572.365 537.381 
679.207 1312.92 569.522 538.521 
341.923 1313.69 237.625 531.197 
298.674 1314.93 194.877 531.406 
886.72 1316.48 773.065 547.653 
321.133 1318.58 174.296 563.971 
221.533 1320.02 118.776 534.98 
677.434 1320.61 568.011 546.435 
353.54 1320.86 249.39 538.092 
651.056 1321.32 541.928 544.035 
683.177 1324.69 572.871 550.612 
683.177 1324.69 572.871 550.612 
283.865 1326.95 180.627 543.104 
849.321 1330.5 735.473 560.333 
112.822 1332.56 13.6076 545.168 
662.354 1332.71 552.573 556.801 
947.161 1332.59 831.073 565.226 
851.003 1332.99 737.089 562.784 
853.519 1334.01 739.753 563.647 
644.674 1335.55 535.489 560.082 
323.255 1336.66 219.648 553.739 
394.205 1336.81 289.705 554.523 
383.295 1340.04 278.794 557.552 
948.265 1341.28 831.625 574.008 
636.842 1342.14 560.431 544.753 
1013.95 1342.37 895.707 576.978 
256.839 1344.5 154.805 559.239 
276.341 1345.23 173.823 560.556 
997.219 1345.36 878.856 579.482 
273.605 1346.49 171.033 561.897 
953.124 1346.41 835.988 578.836 
1497.42 1347.87 1359.87 601.792 
276.607 1349.11 174.296 563.971 
287.832 1348.78 185.492 564.169 
282.776 1350.83 180.433 566.036 
996.64 1351.08 877.976 584.518 
129.604 1353.93 30.5445 565.441 
622.361 1353.86 513.333 576.927 
119.793 1354.85 20.96 566.079 
267.47 1355.02 165.367 569.582 
356.108 1355.58 253.184 572.023 
356.108 1355.58 253.184 572.023 
798.919 1356.49 684.476 584.344 
256.831 1357.42 196.501 544.632 
247.975 1358.11 146.613 572.936 
621.341 1358.52 512.628 580.967 
619.088 1360.39 510.099 582.255 
619.088 1360.39 510.099 582.255 
237.475 1365.09 136.862 578.58 
1006.9 153.343 1274.29 1220.42 
1593.52 166.93 1593.7 110.696 
1030.03 198.893 1288.32 1190.87 
1145.3 238.365 1332.16 89.4383 
1091.76 363.179 1239.59 1041.34 
1091.76 363.179 1239.59 1041.34 
1001.4 364.173 481.324 676.893 
934.291 386.895 1274.29 1220.42 
934.291 386.895 1274.29 1220.42 
1472.59 398.529 902.435 187.153 
1498.03 473.191 1587.33 116.632 
844.37 508.048 524.208 255.527 
795.342 518.406 848.458 1053.14 
998.033 521.012 736.195 203.27 
1649.65 578.674 1454.07 970.878 
1168.22 620.17 947.061 298.884 
1202.34 621.304 1002.77 50.5216 
1478.83 639.548 1429.71 86.0591 
1262.01 680.152 919.03 109.431 
1029.94 693.581 946.489 10.7641 
605.305 747.506 1300.02 1095.85 
1374.62 761.114 1298.12 12.3268 
250.842 761.534 29.5899 490.976 
1405.82 763.032 1329.44 15.4452 
1377.88 764.149 1301.13 15.994 
1395.09 775.332 1317.43 28.6064 
749.797 776.083 651.296 299.8 
1265.77 778.301 1184.38 24.1423 
749.95 779.603 650.687 302.901 
1242.43 779.986 1160.37 24.5053 
1407.46 779.838 1329.7 33.565 
1417.22 780.232 1339.56 35.4481 
1383.8 780.42 1305.52 33.038 
1390.23 781.692 1311.67 34.4836 
1251.49 784.418 1169.23 29.3513 
1601.33 784.856 1527.3 50.3442 
618.673 788.093 516.587 6.37264 
1043.01 790.398 955.106 25.8745 
1190.51 791.623 1106.76 33.9967 
532.75 792.942 426.322 6.3982 
1062.8 795.427 974.878 31.3895 
1062.8 795.427 974.878 31.3895 
1195.48 795.414 1110.89 38.3571 
1398.12 799.083 1318.06 53.17 
1124.9 800.995 946.976 628.513 
842.191 801.657 747.971 29.0369 
1230.55 801.989 1146.35 47.7826 
1058.11 802.218 970.478 38.2023 
695.534 804.886 596.294 25.9808 
572.915 806.503 468.929 23.7565 
1384.1 806.761 1302.93 61.212 
1239.37 807.599 885.825 285.454 
1588.95 808.999 1511.29 74.6968 
1414.93 810.686 1334.52 66.9336 
606.757 811.026 504.139 30.689 
1384.66 811.208 1302.99 64.5385 
846.958 812.512 752.467 40.1491 
846.958 812.512 752.467 40.1491 
695.319 813.899 596.096 35.0023 
943.726 815.311 851.64 47.5194 
1350.23 814.968 932.636 261.189 
703.33 815.534 604.026 37.6905 
857.721 816.771 763.031 45.1953 
850.538 817.412 755.357 45.6741 
1004.68 817.558 914.183 52.4324 
1004.68 817.558 914.183 52.4324 
1401.74 819.257 1319.33 75.164 
273.64 820.341 151.45 26.0257 
327.665 820.471 210.143 28.9575 
1385.77 820.377 1303.54 75.6502 
1042.9 821.608 953.026 58.2734 
614.962 821.847 512.642 42.8755 
1605.05 821.958 1525.57 89.9918 
1178.47 822.602 1092.16 65.1849 
851.315 823.258 756.326 51.5 
775.166 827.898 678.249 53.594 
1609.12 827.927 1530.04 94.5365 
365.301 828.42 250.779 40.0786 
1387.39 831.035 1303.84 86.5078 
628.533 833.112 526.321 54.1245 
996.82 837.339 905.033 73.3314 
257.042 839.866 1095.11 269.182 
944.974 841.042 851.64 47.5194 
1022.11 841.355 930.776 77.5052 
690.001 841.994 589.599 65.3926 
691.226 845.752 590.938 69.3581 
695.509 845.388 595.114 69.2923 
1392.41 845.697 1307.68 102.064 
366.974 846.221 252.576 58.5569 
778.827 850.225 680.73 76.7237 
366.552 850.935 252.818 63.8887 
1284.6 856.048 932.636 261.189 
1013.42 857.376 920.434 94.9799 
389.517 858.242 275.924 70.9231 
647.04 857.899 545.183 80.8452 
596.811 861.147 492.566 83.0038 
391.563 861.612 278.18 74.7341 
589.925 864.476 486.43 86.1753 
787.705 868.341 689.655 96.7938 
400.319 875.087 288.319 89.6901 
400.319 875.087 288.319 89.6901 
359.874 876.615 246.519 91.0861 
665.854 876.522 563.98 100.789 
618.933 877.578 515.773 100.732 
928.85 877.677 832.672 112.537 
1446.38 878.108 1358.36 138.631 
1446.38 878.108 1358.36 138.631 
709.395 879.625 609.021 105.231 
1472.22 879.457 1384.95 141.317 
297.548 880.036 180.189 91.6197 
292.684 880.283 174.84 91.3883 
292.684 880.283 174.84 91.3883 
662.019 880.394 560.239 104.256 
1170.74 880.39 979.387 228.024 
1464.78 882.535 1376.24 144.483 
277.094 883.237 159.193 94.5837 
309.591 883.363 193.071 95.4132 
658.856 884.181 556.637 108.531 
273.814 884.413 154.71 95.2804 
320.233 884.442 204.303 97.0415 
1381.61 884.307 1292.49 140.954 
406.789 884.793 296.326 101.959 
1473.3 885.446 1385.13 147.738 
703.852 886.838 603.81 112.009 
404.468 887.396 293.56 104.133 
520.094 888.41 413.988 107.11 
1453.02 889.334 1362.73 151.42 
1453.02 889.334 1362.73 151.42 
1328.3 892.468 1238.15 146.796 
250.551 893 130.622 103.716 
502.002 893.185 394.843 113.484 
312.628 893.393 195.796 107.012 
366.202 893.361 253.345 108.562 
366.202 893.361 174.84 91.3883 
1318.45 895.17 811.977 575.032 
304.38 896.018 187.873 109.046 
501.055 896.691 394.576 117.177 
517.489 897.14 410.831 117.494 
393.509 897.489 281.841 113.976 
282.536 897.929 164.926 110.101 
359.711 899.311 245.942 114.81 
359.711 899.311 245.942 114.81 
697.035 899.983 595.84 125.985 
1701.38 901.177 1611.49 176.042 
306.921 901.923 191.068 115.254 
493.003 903.184 385.386 123.214 
493.003 903.184 385.386 123.214 
731.47 902.9 631.37 130.031 
897.262 904.521 800.895 137.685 
1263.51 904.523 1171.5 155.663 
920.395 907.136 823.185 141.089 
418.249 907.022 307.248 123.371 
882.425 910.658 784.628 144.186 
356.347 911.028 243.747 126.814 
1326.43 911.219 1234.26 166.221 
884.761 913.64 787.156 146.899 
912.1 914.047 814.641 148.952 
1428.79 913.87 1336.87 174.52 
537.195 914.566 431.308 136.609 
944.827 914.652 848.203 151.004 
472.528 914.814 364.381 134.927 
591.356 916.177 487.063 140.613 
903.915 920.411 806.088 154.684 
1404.64 922.645 1311.72 181.936 
613.758 924.269 510.343 149.867 
857.425 924.384 758.389 157.403 
861.682 924.823 762.877 157.985 
861.682 924.823 762.877 157.985 
238.406 926.974 118.92 139.118 
402.525 927.219 291.623 145.727 
402.525 927.219 291.623 145.727 
769.774 928.213 669.368 158.22 
252.73 928.844 134.397 141.808 
252.73 928.844 134.397 141.808 
830.462 930.937 731.929 137.546 
1258.73 931.225 1164.41 182.303 
619.548 933.14 515.113 158.678 
553.723 934.036 448.089 156.945 
573.268 934.122 468.093 157.988 
1480.59 933.86 1387.43 197.286 
528.291 934.876 421.837 155.951 
579.294 935.507 475.314 159.582 
1103.84 936.921 1007.18 180.697 
770.13 938.653 669.494 168.977 
1005.78 939.188 908.505 178.546 
564.121 939.783 458.633 163.592 
564.121 939.783 458.633 163.592 
527.848 942.348 421.281 164.883 
830.615 943.199 731.001 174.954 
270.352 943.916 154.309 157.888 
309.803 944.573 195.32 160.386 
312.57 946.367 198.445 162.69 
740.657 947.369 639.107 176.698 
570.574 948.305 465.514 172.671 
575.528 948.637 470.492 173.444 
649.66 948.646 546.01 174.903 
527.357 948.928 420.954 173.213 
606.144 948.663 501.933 173.664 
1599.58 949.657 1504.06 219.854 
500.011 949.851 392.918 172.318 
1008.47 951.641 910.326 191.095 
269.418 952.193 153.093 166.922 
646.31 952.372 543.128 178.382 
1340.96 953.116 1245.17 209.379 
1340.96 953.116 1245.17 209.379 
278.783 953.732 163.049 169.079 
301.073 953.475 186.313 169.123 
301.073 953.475 186.313 169.123 
329.117 954.578 216.186 171.47 
214.069 955.669 97.2712 168.907 
356.959 956.149 244.933 174.086 
379.092 956.965 268.35 176.011 
476.445 957.793 368.114 179.542 
527.097 958.34 420.594 181.814 
692.128 959.363 589.708 187.124 
1324.15 959.578 1227.53 215.315 
295.956 959.867 181.213 176.177 
530.156 960.289 423.851 183.469 
262.2 960.924 145.758 176.148 
262.2 960.924 145.758 176.148 
688.933 961.133 552.539 223.944 
268.145 961.264 152.16 176.482 
428.993 962.274 319.742 183.032 
428.993 962.274 319.742 183.032 
526.545 965.366 420.132 188.428 
560.88 966.017 455.39 190.234 
306.216 966.326 192.713 183.044 
502.581 966.466 395.595 188.972 
502.581 966.466 395.595 188.972 
290.56 967.622 175.478 184.144 
635.282 969.491 530.94 196.607 
635.282 969.491 530.94 196.607 
368.133 970.494 257.022 189.36 
380.072 970.983 269.377 190.817 
281.439 971.625 166.334 188.123 
622.695 972.103 518.444 196.761 
1222.51 973.036 1125.56 222.531 
238.614 974.902 121.661 190.258 
268.141 974.959 152.444 190.766 
619.899 975.464 515.569 201.773 
619.899 975.464 515.569 201.773 
794.22 975.302 692.68 207.255 
395.452 977.392 285.497 197.698 
623.713 977.511 519.412 203.989 
967.511 977.714 867.862 215.191 
272.461 979.599 157.415 195.933 
258.026 980.855 142.389 196.57 
233.159 981.946 116.593 196.843 
461.16 982.925 203.081 488.918 
823.245 983.469 721.982 215.705 
653.591 984.881 549.34 213.041 
327.324 986.985 214.876 205.022 
395.929 987.7 381.578 115.296 
419.229 987.363 309.943 208.668 
419.229 987.363 309.943 208.668 
317.912 989.068 205.193 206.898 
384.097 988.795 274.019 209.188 
232.579 990.584 115.888 205.853 
240.812 993.11 125.164 208.529 
362.276 994.481 250.981 213.95 
399.494 994.478 289.649 215.448 
399.494 994.478 289.649 215.448 
1055.13 995.457 955.729 238.082 
219.458 997.007 96.7659 253.074 
415.281 996.964 305.8 218.281 
428.852 997.567 320 218.851 
617.314 998.08 513.111 224.619 
479.738 1000.41 371.67 223.742 
329.574 1001.54 217.555 220.374 
428.517 1002.44 319.594 224.346 
1004.79 1004.19 903.972 244.395 
1236.83 1004.03 1136.91 255.898 
331.39 1004.76 220.116 224.046 
431.136 1009.27 322.999 231.102 
946.759 1009.51 845.198 247.575 
1339.98 1009.72 1239.29 266.914 
521.947 1012.92 415.351 237.017 
1336.98 1014 1235.47 270.639 
1136.11 1016.06 1034.9 260.976 
1148.64 1016.14 1046.61 262.079 
777.293 1017.04 673.767 249.96 
394.185 1017.26 284.075 239.448 
227.154 1017.99 111.957 234.068 
447.427 1019.87 339.092 242.347 
506.916 1021.87 399.44 245.791 
243.755 1024.31 129.202 240.674 
1018.74 1024.56 918.175 265.877 
236.917 1024.92 122.167 241.307 
246.715 1026.61 132.502 243.3 
312.853 1026.63 200.409 245.791 
629.491 1027.04 524.208 255.527 
250.894 1027.32 137.338 243.996 
522.357 1027.78 415.545 253.379 
260.71 1029.46 147.317 247.051 
260.71 1029.46 147.317 247.051 
519.377 1029.59 412.91 254.167 
447.968 1030.87 339.91 253.714 
634.002 1031.84 601.31 176.679 
710.787 1036.42 606.674 266.079 
742.212 1037.73 638.318 269.071 
745.371 1040.28 640.899 272.545 
1127.63 1041.91 1024.48 286.145 
336.667 1045.03 225.829 265.021 
396.45 1045.38 287.693 266.805 
384.762 1049.56 275.913 271.224 
369.16 1050.81 259.428 272.255 
359.353 1053.54 248.406 275.125 
524.786 1056.32 418.02 281.744 
422.391 1057.66 313.805 280.029 
521.398 1059.02 414.06 284.707 
478.642 1059.47 319.699 325.509 
699.387 1060.18 594.642 290.184 
207.892 1060.97 94.5843 278.315 
432.714 1061.83 324.343 285.18 
509.789 1061.88 402.509 287.098 
948.174 1063.05 844.333 300.759 
488.041 1065.17 327.818 332.741 
753.922 1065.91 649.253 297.49 
199.381 1067.72 85.3856 283.965 
237.276 1067.9 124.163 285.298 
1449 1068.05 1341.34 330.474 
388.657 1070.96 279.483 293.205 
388.657 1070.96 279.483 293.205 
297.892 1072.34 1027.49 1226.06 
368.374 1072.38 259.332 294.073 
997.373 1075.39 893.021 315.496 
1425.21 1075.37 1317.73 336.288 
307.89 1077.13 196.784 297.342 
457.209 1077.22 376.107 279.428 
457.209 1077.22 376.107 279.428 
796.707 1081.16 691.634 314.222 
742.768 1081.5 637.988 312.993 
1166.65 1082.6 1060.45 328.994 
359.336 1085.59 249.902 307.557 
212.219 1087.25 99.4519 306.319 
212.219 1087.25 99.4519 306.319 
1021.4 1089.47 915.558 329.69 
208.47 1091.03 95.8358 308.449 
199.743 1092.71 86.2234 309.553 
378.26 1092.8 269.633 314.986 
378.26 1092.8 269.633 314.986 
899.368 1092.42 794.11 328.98 
899.368 1092.42 794.11 328.98 
274.173 1093.62 205.985 78.5138 
1407.31 1093.38 1297.89 353.361 
655.007 1094.39 549.119 323.419 
245.926 1094.93 134.382 313.467 
344.063 1095.1 235.006 316.629 
356.586 1096.91 247.497 318.268 
360.12 1097.89 251.139 320.456 
469.287 1098.04 389.465 301.721 
469.287 1098.04 389.465 301.721 
207.464 1099.98 95.2196 318.296 
714.788 1099.94 609.24 330.231 
655.315 1101.83 549.584 330.522 
860.096 1101.72 754.61 337.668 
224.15 1101.84 112.746 319.311 
1109.81 1104.06 1002.91 347.88 
773.441 1106.12 666.951 338.824 
357.548 1107.35 248.78 329.367 
419.632 1108.27 311.134 332.102 
663.045 1108.78 557.187 338.032 
185.356 1110.91 200.154 249.667 
710.008 1112.39 604.278 342.687 
275.663 1112.92 165.655 332.169 
856 1114.87 749.86 349.474 
884.71 1115.65 1001.8 1176.86 
861.6 1117.51 754.682 353.607 
645.553 1118.92 539.202 348.693 
1006.69 1119.96 899.474 360.649 
985.026 1120.84 878.004 360.375 
1076.47 1122.32 968.716 364.52 
316.086 1124.61 207.177 345.748 
319.465 1126.28 210.788 346.326 
319.465 1126.28 210.788 346.326 
305.5 1127.82 196.566 348.612 
196.125 1129.69 85.0689 346.975 
319.611 1129.94 211.139 350.948 
319.611 1129.94 211.139 350.948 
667.413 1132.97 561.442 361.932 
179.425 1134.68 69.3395 351.638 
313.557 1134.34 204.763 355.445 
676.647 1135.37 570.432 364.552 
1447.68 1137.13 1334.7 397.968 
508.397 1138.63 401.485 364.06 
282.75 1139.05 173.535 358.768 
714.498 1141.27 608.012 371.357 
496.698 1144.79 389.853 369.535 
222.102 1145.68 112.712 363.95 
200.994 1147.04 90.7756 364.743 
204.227 1148.22 93.806 365.141 
1426.74 1150.16 1311.04 409.94 
419.322 1153.47 311.904 376.823 
209.526 1154.18 99.6904 372.378 
1240.63 1154.59 1128.68 404.662 
1457.49 1157.18 1340.85 418.654 
1011.35 1157.6 902.244 396.672 
674.612 1160 567.74 388.94 
674.612 1160 567.74 388.94 
199.408 1161.24 89.6743 379.069 
1060.65 1169.27 950.306 410.093 
661.995 1169.91 554.911 398.955 
820.689 1171.68 712.86 404.611 
1117.44 1171.5 1005.66 415.499 
420.281 1172.05 1009.5 56.5198 
1406.23 1177.21 1288.78 435.26 
774.107 1177.75 666.088 409.836 
1117.71 1178.69 1005.95 421.836 
495.201 1179.16 390.314 360.997 
1404.83 1180.59 1286.32 438.744 
683.036 1184.59 575.573 414.527 
239.866 1186.33 131.57 404.963 
774.235 1186 665.61 418.617 
539.469 1189.64 432.312 415.41 
706.405 1190.56 598.691 419.858 
433.345 1194.41 327.653 417.108 
406.217 1195.29 299.534 416.909 
232.044 1196.48 124.195 414.697 
237.46 1197.04 129.623 415.272 
1410.18 1197.14 1291.06 454.389 
248.501 1199.15 141.044 417.507 
375.832 1198.99 269.053 420.704 
464.018 1199.52 357.102 422.016 
493.657 1199.83 387.088 423.575 
226.736 1201.09 119.131 419.3 
1114.39 1203.19 1001.66 445.364 
726.895 1204.19 618.332 434.028 
783.209 1204.63 674.998 435.657 
1072.51 1206.09 959.914 447.144 
598.59 1207.38 491.474 434.714 
230.373 1207.93 122.539 426.186 
599.976 1210.94 492.931 438.051 
377.765 1216.74 271.468 436.658 
1287.95 1220.73 1169.59 471.515 
682.758 1221.66 574.831 451.625 
427.73 1222.01 321.06 444.143 
454.089 1222.79 346.984 445.642 
414.852 1223.38 308.434 445.848 
193.754 1224.36 87.1944 441.479 
604.945 1225.3 498.032 452.868 
481.086 1228.48 374.927 451.873 
667.561 1228.27 559.379 457.28 
940.018 1228.58 828.642 464.988 
476.661 1228.81 370.195 452.009 
442.281 1229.65 335.922 452.174 
442.281 1229.65 335.922 452.174 
577.144 1230.4 469.977 456.952 
599.266 1231.66 491.674 458.699 
228.139 1232.17 122.013 449.685 
466.718 1231.79 359.625 454.986 
435.077 1232.27 328.445 454.475 
1054.26 1232.93 940.354 471.999 
460.305 1233.71 353.658 456.759 
563.034 1233.71 456.67 459.889 
682.97 1233.69 574.587 462.013 
485.302 1233.98 378.222 457.73 
1019.33 1234.29 906.471 470.943 
188.09 1237.5 82.0765 454.558 
485.323 1237.63 378.904 461.118 
955.454 1237.74 843.292 473.968 
477.826 1238.1 371.339 461.155 
416.968 1238.89 310.585 460.367 
591.403 1240.41 483.986 467.205 
492.242 1243.18 385.112 466.771 
1011.19 1243.07 897.662 480.621 
473.561 1243.55 366.837 466.518 
480.77 1247.38 374.708 470.597 
175.41 1248.92 1031.31 844.173 
419.27 1252.55 313.017 472.442 
473.362 1252.7 366.805 475.607 
603.907 1253.02 495.776 480.21 
378.544 1256.18 272.501 476.167 
451.926 1256.75 345.807 478.807 
370.918 1257.3 265.13 477.474 
771.418 1258.03 661.522 488.83 
771.418 1258.03 661.522 488.83 
390.927 1258.64 284.966 478.57 
369.81 1262.67 264.159 481.457 
431.789 1265.91 325.719 487.257 
374.654 1274.39 268.927 493.921 
329.737 1276.76 224.673 495.514 
329.737 1276.76 224.673 495.514 
556.294 1279.82 449.243 504.39 
913.876 1280.05 800.793 514.25 
453.409 1283.87 347.427 505.024 
510.833 1286.41 403.816 509.429 
510.833 1286.41 403.816 509.429 
380.514 1289.59 275.294 508.516 
898.206 1289.35 784.831 522.454 
614.45 1291.39 506.267 517.43 
901.038 1291.62 629.186 600.942 
321.979 1293.1 217.336 510.862 
681.424 1292.86 571.918 518.641 
328.703 1294.82 223.87 513.35 
379.648 1296.87 274.347 515.474 
379.648 1296.87 274.347 515.474 
681.391 1297.57 571.934 524.789 
296.82 1298.05 192.381 515.466 
708.563 1300.41 598.777 527.506 
714.992 1300.26 605.239 527.875 
345.199 1301.45 240.572 519.622 
318.275 1303.24 213.925 520.936 
318.275 1303.24 213.925 520.936 
370.393 1302.7 265.468 521.473 
647.556 1302.93 538.959 528.345 
902.956 1303.77 789.18 536.371 
421.249 1304.46 315.699 525.121 
877.815 1305.77 764.598 538.12 
685.212 1308.01 575.594 534.84 
685.212 1308.01 575.594 534.84 
369.989 1308.57 265.312 527.155 
337.834 1308.89 233.556 526.718 
332.922 1309.92 228.68 527.702 
651.171 1311.63 542.301 536.968 
369.7 1315.42 265.15 533.792 
376.794 1318.17 271.975 536.516 
670.089 1320.08 560.431 544.753 
1162.1 1321.03 1039.55 561.144 
155.921 1321.55 55.2515 534.553 
677.872 1324.24 568.565 549.786 
310.308 1325.31 206.889 542.091 
665.486 1326.37 555.792 551.75 
848.377 1326.8 735.033 556.8 
848.377 1326.8 735.033 556.8 
126.173 1327.43 25.3964 540.372 
948.727 1328.78 832.429 562.019 
952.433 1329.48 835.99 562.834 
1236.05 1332.2 1110.68 575.659 
331.937 1332.65 228.301 549.3 
647.968 1333.1 538.782 558.538 
794.438 1332.79 681.949 561.874 
982.867 1332.83 866.032 566.659 
1537.52 1333.15 1399.06 590.422 
798.055 1333.78 685.352 562.216 
528.591 1334.43 421.003 556.466 
651.269 1334.81 541.939 559.636 
328.191 1337.48 224.526 553.929 
254.096 1339.48 151.66 554.35 
257.618 1339.71 155.171 554.417 
257.618 1339.71 155.171 554.417 
273.497 1340.2 171.402 555.469 
291.313 1340.37 188.607 555.956 
846.798 1341.31 732.953 570.35 
836.21 1341.4 722.475 570.186 
319.866 1343.06 216.62 559.037 
197.559 1344.63 95.7766 558.359 
287.807 1345.23 185.351 560.559 
287.807 1345.23 185.351 560.559 
291.626 1345 189.117 560.253 
284.477 1347.34 182.17 562.667 
828.034 1350.85 714.135 579.358 
1066.14 1352.54 945.49 588.849 
632.93 1353.25 523.78 576.541 
819.377 1353.06 705.347 580.933 
231.682 1354.66 130.156 568.44 
808.892 1355.88 695.519 583.051 
951.66 1356.86 833.976 588.814 
267.98 1358.88 165.921 573.518 
948.387 1358.9 831.01 591.048 
1695.34 88.2122 1599.26 121.69 
1686.88 124.848 822.39 283.556 
1034.07 290.347 1554.72 337.523 
1668.38 454.174 980.549 325.342 
1415.08 470.504 1388.05 32.952 
1677.27 495.383 844.022 358.611 
558.444 606.066 566.725 860.267 
1463.87 775.029 1388.05 32.952 
710.602 779.265 545.183 80.8452 
1613.22 783.455 1539.62 49.4896 
1109.05 796.956 1022.74 35.4412 
1467.28 797.168 1389.22 56.0202 
613.339 804.079 510.989 22.907 
1571.39 815.06 1492.62 80.5222 
365.422 815.331 250.582 25.8052 
835.503 816.866 740.088 44.2233 
686.727 817.396 586.826 38.8602 
1008.82 818.118 918.278 53.1108 
635.551 823.011 533.999 43.7331 
1038.41 823.744 947.958 60.4927 
656.09 825.431 555.03 46.3689 
686.685 828.043 586.569 50.1189 
840.882 829.681 745.381 58.0057 
268.337 829.844 146.202 36.1497 
698.939 835.508 599.27 58.6126 
769.693 835.873 671.954 61.6149 
841.106 835.87 744.927 66.0904 
1278.11 839.846 641.046 427.018 
850.373 841.473 754.947 70.0759 
1273.08 842.662 1186.11 92.6841 
1268.71 843.06 1181.93 92.393 
904.789 846.987 810.835 104.252 
655.457 849.828 553.94 71.9227 
419.993 851.906 307.956 66.7714 
825.937 852.929 728.984 82.156 
684.004 860.234 583.004 84.7644 
792.277 860.88 694.282 89.0433 
644.621 861.572 542.487 84.6984 
744.5 862.167 645.862 87.3508 
1371.01 863.437 1283.68 119.996 
594.41 864.705 490.765 86.677 
1467.23 865.217 1381.28 126.672 
1168.9 867.475 1078.41 111.654 
1014.97 868.818 924.278 103.616 
1014.97 868.818 924.278 103.616 
332.362 877.574 216.527 90.9605 
288.125 878.077 170.084 89.1324 
234.854 879.358 112.399 88.487 
304.916 882.214 187.885 94.2303 
315.372 883.079 199.291 96.0203 
290.887 885.041 173.569 96.8875 
477.914 885.597 369.907 105.086 
626.647 885.834 523.697 109.126 
1413.64 887.159 1324.57 146.092 
1171.12 887.471 1294.82 58.1052 
281.294 889.152 162.781 101.078 
288.379 889.543 170.548 101.913 
906.94 889.54 810.756 122.661 
514.982 890.398 408.382 110.123 
538.278 890.539 432.244 111.564 
1444.15 894.18 1353.81 155.144 
1131.85 894.331 1038.89 137.695 
1188.97 900.348 1096.47 146.6 
886.123 901.85 788.519 135.759 
254.563 904.637 135.951 116.088 
775.6 904.562 675.904 133.528 
1013.63 912.915 918.767 152.159 
625.885 913.824 522.585 139.229 
636.002 913.846 532.771 138.874 
476.189 917.09 368.222 137.06 
1696.3 919.23 1603.5 194.671 
1613.19 919.165 1520.45 189.603 
1593.26 921.944 1501.27 191.891 
679.218 923.396 577.083 149.592 
616.721 930.512 512.024 156.047 
234.611 931.005 115.663 143.34 
839.71 934.364 739.87 167.182 
883 936.761 784.375 170.961 
1278.08 938.931 1183.18 192.063 
1278.08 938.931 1183.18 192.063 
1252.09 939.584 1156.14 190.502 
453.243 940.303 344.63 160.901 
479.857 941.817 372.31 162.169 
279.066 945.388 163.155 160.155 
505.664 945.36 398.303 166.964 
274.181 946.189 158.023 160.056 
274.181 946.189 158.023 160.056 
685.469 945.951 549.312 208.116 
597.767 946.364 492.942 171.41 
437.534 947.541 328.061 167.798 
260.351 948.955 143.465 162.913 
461.697 951.684 353.069 172.872 
652.782 951.645 549.109 178.311 
325.184 952.39 211.715 168.769 
1157.37 952.534 1060.58 199.616 
395.887 953.072 284.797 172.286 
560.135 952.8 454.539 177.161 
1327.13 953.898 1231.32 210.735 
505.666 955.344 398.587 177.505 
1011.7 956.922 913.45 195.989 
304.537 957.615 190.635 174.225 
311.976 961.031 198.308 177.078 
307.769 962.812 193.558 178.889 
380.745 963.364 270.004 182.585 
1002.74 965.035 904.291 205.012 
479.408 965.846 371.4 187.748 
877.043 966.898 776.501 201.669 
315.995 968.205 202.216 185.551 
937.882 970.09 837.773 206.963 
937.882 970.09 837.773 206.963 
350.479 973.41 238.691 192.188 
350.479 973.41 238.691 192.188 
353.183 978.438 241.303 197.392 
602.785 981.07 497.39 207.165 
791.561 980.986 690.064 212.888 
381.606 985.035 271.379 204.971 
220.447 985.861 97.8105 244.277 
1055.08 985.862 955.571 228.063 
477.258 987.601 369.297 209.983 
377.602 989.39 267.15 209.399 
453.238 990.789 344.995 212.567 
453.238 990.789 344.995 212.567 
1687.95 990.95 1585.5 266.316 
236.795 995.346 120.922 210.823 
956.363 996.088 855.549 234.571 
436.16 1000.13 327.65 222.667 
227.99 1002.43 111.805 217.935 
1047.82 1005.1 946.022 248.971 
1047.82 1005.1 946.022 248.971 
1332.14 1005.57 1231.66 262.621 
460.44 1010.06 352.531 232.661 
247.61 1011.32 132.687 227.788 
224.325 1013.07 108.35 228.935 
623.571 1013.43 518.643 240.795 
379.126 1014 269.322 234.611 
428.253 1013.84 319.648 235.718 
1332.6 1014.5 1231.36 271.343 
684.2 1017.1 580.247 245.535 
245.365 1018.2 130.542 234.587 
1336.8 1018.62 1235.06 275.413 
426.309 1023.33 317.272 246.002 
449.551 1023.59 341.048 246.361 
449.551 1023.59 341.048 246.361 
265.763 1024.99 152.355 242.424 
238.563 1031.8 124.116 248.514 
742.9 1033.49 639.116 264.728 
250.638 1033.83 136.867 251.068 
406.668 1035.29 296.586 257.625 
1344.07 1039.34 1240.4 297.385 
250.094 1040.16 136.34 257.348 
508.67 1043.31 402.015 267.717 
448.193 1045.04 341.048 268.329 
418.538 1046.58 310.157 268.873 
651.817 1047.05 546.841 276.214 
985.431 1047.79 881.864 287.267 
411.636 1049 302.767 271.204 
197.615 1050.73 329.008 134.131 
424.175 1051.56 316.072 273.592 
424.175 1051.56 316.072 273.592 
651.972 1053.43 546.961 281.837 
1331.89 1054.62 1226.99 311.759 
247.947 1054.98 134.738 272.531 
1436.07 1055.64 1329.81 317.939 
381.908 1056.67 272.536 278.369 
243.028 1058.44 129.959 276.465 
234.478 1061.58 121.272 279 
683.739 1064.88 545.442 324.862 
492.383 1068.46 385.483 293.627 
421.453 1071.22 313.707 294.015 
454.463 1074.32 346.774 297.986 
521.21 1076.65 414.552 301.889 
621.809 1078.62 516.063 306.696 
1081.81 1079.18 977.351 323.128 
1142.23 1079.78 1036.51 324.996 
247.269 1082.03 134.98 300.468 
380.967 1084.09 272.109 305.821 
460.947 1087.83 327.818 332.741 
621.533 1089.94 515.707 316.212 
373.835 1092.53 265.373 314.645 
986.812 1096.72 880.765 336.733 
986.812 1096.72 880.765 336.733 
1115.02 1099.69 1007.98 343.713 
1115.02 1099.69 1007.98 343.713 
988.551 1100.62 882.613 340.531 
202.05 1101.53 89.7746 318.734 
1339.32 1104.25 1229.79 360.744 
1345.37 1103.85 1236.59 360.352 
891.528 1104.44 786.046 340.646 
621.271 1105.63 515.32 333.471 
223.676 1108.13 111.839 326.288 
205.818 1109.06 94.0832 328.158 
253.606 1109.49 142.837 328.174 
253.606 1109.49 142.837 328.174 
352.937 1111.05 244.076 332.64 
273.803 1120.47 164.207 339.596 
181.855 1126.66 71.3334 344.19 
351.946 1126.89 243.581 348.538 
263.643 1128.03 153.714 347.509 
784.328 1135.58 677.883 367.368 
1458.38 1135.4 1343.96 397.443 
1119.73 1136.8 1010.32 381.041 
481.423 1139.51 374.467 363.635 
1024.16 1143.98 915.63 383.784 
1024.16 1143.98 915.63 383.784 
207.452 1144.63 96.9928 362.512 
947.664 1147.5 839.608 386.152 
331.295 1148.75 223.524 369.917 
1023.1 1149.04 914.627 389.003 
480.806 1150.63 374.111 374.758 
480.806 1150.63 374.111 374.758 
304.941 1152.53 196.426 373.344 
580.22 1152.54 473.444 381.276 
804.069 1156.66 697.478 389.353 
319.388 1158.6 210.887 379.608 
971.721 1158.52 863.729 396.618 
192.449 1160.53 82.3896 377.96 
1074.59 1161.2 979.239 395.752 
1092.41 1161.11 997.377 397.202 
1092.41 1161.11 982.016 404.147 
1434.6 1162.48 1318.33 422.016 
668.104 1163.46 561.476 392.663 
499.676 1166.69 392.334 401.498 
579.468 1166.42 472.983 393.573 
1100.39 1168.14 989.468 410.87 
1442.15 1169.4 1324.56 429.524 
1366.85 1171.35 1251.34 427.469 
1457.93 1171.32 1340.39 431.996 
499.151 1176.76 392.334 401.498 
1447.14 1176.9 1328.91 437.294 
648.903 1178.38 542.33 406.998 
788.078 1178.5 680.336 410.83 
1456.82 1178.94 1338 439.578 
1366.73 1180.4 1251.02 436.26 
498.946 1182.31 391.993 407.16 
1048.94 1185.93 937.65 426.265 
1404.47 1185.56 1286.57 443.009 
1121.43 1186.91 1009.18 429.906 
242.412 1189.55 134.543 408.331 
242.412 1189.55 134.543 408.331 
578.717 1189.79 471.93 417.051 
639.789 1192.43 532.585 421.27 
222.637 1195.42 113.919 414.122 
727.207 1196.5 619.061 427.066 
887.898 1204.43 778.012 439.257 
887.898 1204.43 778.012 439.257 
562.554 1208.83 455.707 435.514 
1098.51 1211.11 985.329 452.667 
888.18 1212.69 778.011 447.912 
888.18 1212.69 778.011 447.912 
435.001 1223.11 328.393 445.326 
577.236 1223.28 470.112 449.163 
577.236 1223.28 470.112 449.163 
1291.86 1227.22 1173.24 478.104 
416.723 1227.56 310.732 448.935 
456.991 1231.2 350.183 454.044 
456.991 1231.2 350.183 454.044 
553.342 1231.1 446.468 456.724 
553.342 1231.1 446.468 456.724 
1290.66 1232.06 1172.03 482.815 
477.662 1233.39 371.503 456.871 
583.118 1234.05 476.019 460.039 
1424.04 1234.61 1299.89 492.57 
448.854 1234.91 341.76 457.5 
193.355 1242.29 87.4997 458.752 
429.444 1242.58 323.049 464.22 
429.444 1242.58 323.049 464.22 
499.158 1247.02 392.353 470.912 
387.785 1248.04 281.689 468.674 
503.066 1247.8 396.586 471.225 
477.126 1251.11 370.76 473.793 
366.556 1257.83 260.683 477.423 
366.556 1257.83 260.683 477.423 
564.767 1257.59 457.633 483.503 
493.821 1261.35 387.286 484.534 
493.821 1261.35 387.286 484.534 
365.525 1263.12 259.78 482.771 
365.525 1263.12 259.78 482.771 
365.525 1263.12 259.78 482.771 
418.774 1263.03 312.085 483.958 
959.828 1264.22 846.948 499.661 
377.668 1264.22 272.106 484.22 
614.574 1265.23 506.86 490.795 
366.83 1269.19 261.446 488.523 
440.885 1274.57 334.674 496.08 
383.809 1274.89 277.876 495.155 
487.423 1275.01 380.992 497.416 
449.025 1275.71 343.608 497.441 
340.926 1277.35 235.769 496.173 
359.18 1278.91 253.624 498.351 
384.609 1279.42 278.821 499.361 
384.609 1279.42 278.821 499.361 
949.833 1281.01 836.089 515.976 
889.664 1281.71 776.689 515 
318.694 1282.98 213.594 501.414 
965.724 1284.33 850.911 519.937 
371.319 1288.54 266.059 507.971 
324.99 1289.47 220.16 507.822 
364.478 1295.58 259.484 514.554 
887.086 1301.57 773.577 533.581 
868.727 1306.34 754.833 537.833 
700.844 1308.44 591.026 535.243 
373.053 1311.59 268.225 530.178 
928.254 1312.14 813.453 545.425 
132.84 1312.68 31.3306 526.38 
338.455 1313.7 234.164 531.53 
334.148 1314.33 229.822 532.002 
418.942 1322.93 313.566 542.106 
891.004 1323.04 776.481 553.794 
1007.13 1326.41 889.403 561.706 
1013.33 1326.97 895.624 562.255 
315.609 1328.9 212.111 545.4 
315.609 1328.9 212.111 545.4 
1000.86 1329.55 883.085 564.754 
311.214 1329.68 207.809 546.307 
335.986 1330.79 232.106 548.161 
258.14 1331.18 155.57 546.729 
847.301 1332.15 733.464 561.783 
289.958 1334.66 187.105 550.947 
210.818 1335.04 109.097 549.125 
210.818 1335.04 109.097 549.125 
571.262 1334.9 463.709 558.062 
996.628 1335.07 878.793 569.906 
996.628 1335.07 878.793 569.906 
1011.54 1337.44 893.728 572.16 
244.235 1346.18 142.214 560.603 
675.722 1349.49 565.422 574.052 
666.988 1351.79 557.1 575.986 
781.225 1352.44 668.547 579.683 
123.38 1354.46 24.3428 565.616 
274.487 1354.63 172.937 569.107 
238.884 1356.33 137.145 570.132 
301.49 1357.71 198.649 573.457 
1335.91 111.366 1297.92 1151.38 
1586.12 381.679 938.027 727.541 
1531.42 393.211 1383.38 59.2813 
1500.67 450.084 1484.43 25.5804 
369.94 592.897 73.9554 328.324 
1262.17 729.086 918.767 152.159 
754.224 755.052 524.908 362.121 
1473.22 771.828 1397.93 29.4634 
872.801 787.416 780.313 15.0598 
1607.64 799.012 1532.55 65.8449 
847.3 803.521 752.957 30.6761 
842.868 808.552 748.204 36.0575 
1004.42 810.412 914.252 44.383 
1568.34 809.994 1489.78 74.8159 
1265.91 811.194 1181.86 58.8278 
562.461 825.512 457.789 44.0243 
1324.56 828.337 1240.17 81.0794 
1694.4 830.569 1615.19 104.587 
1425.03 838.193 1340.93 96.4413 
1320.01 839.377 1234.18 91.8538 
1679.53 839.774 1598.42 113.477 
828.01 842.304 731.736 71.0861 
828.01 842.304 731.736 71.0861 
619.932 847.209 517.383 69.3791 
1471.55 860.361 1386.08 121.018 
964.058 865.12 870.227 100.133 
393.078 865.568 280.631 79.9126 
746.697 867.687 647.157 94.1522 
655.293 870.333 553.212 94.545 
964.533 872.273 870.219 107.61 
1468.14 876.295 1381.12 137.674 
275.65 877.3 156.476 88.0119 
969.752 876.82 875.519 114.153 
528.16 878.859 421.564 99.419 
627.32 880.094 524.103 103.266 
533.96 884.767 427.937 104.715 
1419.31 887.008 1330.37 146.109 
1405.71 889.316 1316.26 147.755 
1401.28 892.871 1311.1 151.203 
969.925 897.524 873.733 134.676 
1435.08 901.316 1347.86 496.128 
536.91 903.421 431.091 123.964 
892.073 902.084 795.053 135.714 
626.391 906.689 523.065 131.413 
476.959 911.168 368.945 131.382 
548.764 914.01 442.933 136.744 
1595.22 916.724 1504.05 187.799 
452.8 919.042 342.773 138.868 
626.436 920.847 522.998 146.13 
333.141 922.137 219.475 137.924 
1636.72 925.058 1544.14 196.658 
243.879 926.349 125.651 138.301 
499.206 929.67 392.185 151.108 
1639.39 940.211 1544.83 212.43 
769.255 941.154 668.09 171.664 
592.377 941.76 487.999 166.648 
680.09 943.182 543.557 205.773 
516.938 945.265 410.385 167.129 
951.656 945.168 852.699 182.096 
491.826 947.542 384.581 168.922 
491.826 947.542 384.581 168.922 
552.093 948.133 446.587 171.944 
482.343 949.056 373.596 170.325 
312.444 953.639 198.263 169.843 
800.604 954.068 700.07 185.74 
435.908 955.493 326.529 176.218 
1262.42 955.74 1166.72 207.312 
1262.42 955.74 1166.72 207.312 
370.03 956.744 258.686 175.326 
322.001 959.634 208.711 176.581 
647.11 959.59 543.62 186.362 
609.143 963.911 504.794 189.146 
1258.19 963.949 1161.33 215.537 
624.581 964.898 520.078 190.387 
353.414 968.087 241.811 186.711 
565.016 968.383 460.087 193.147 
871.668 970.132 771.13 204.344 
1698.07 969.676 1598.02 245.747 
508.705 974.819 402.009 197.926 
1267.56 975.293 1170.43 228.106 
386.546 981.705 276.545 202.147 
1337.92 983.015 1239.54 240.484 
501.396 985.681 394.746 208.712 
621.727 989.524 517.811 216.801 
621.727 989.524 517.811 216.801 
968.022 989.981 867.726 228.3 
1274.69 995.256 1175.41 248.435 
381.135 1002.87 270.958 223.981 
381.135 1002.87 270.958 223.981 
449.708 1013.15 341.388 235.019 
742.92 1012.79 1536.48 12.842 
1332.86 1021.94 1230.97 279.214 
1332.86 1021.94 1230.97 279.214 
618.653 1023.27 1150.02 62.4803 
769.973 1024.87 666.67 256.894 
738.217 1029.52 625.546 580.76 
508.189 1032.04 400.977 256.341 
757.44 1035.94 654.018 267.32 
1123.48 1039.25 1020.92 284.647 
248.319 1045.79 134.984 262.862 
402.11 1045.89 292.81 268.078 
821.956 1052.08 717.828 285.842 
448.502 1054.28 340.556 278.132 
391.739 1055.98 282.843 277.759 
391.739 1055.98 282.843 277.759 
524.117 1064 417.583 288.378 
541.928 1064.67 435.016 291.231 
231.957 1072.86 119.192 289.971 
231.957 1072.86 119.192 289.971 
443.586 1075.8 335.487 299.101 
1151.96 1079.68 1046.97 325.899 
1424.57 1079.72 1316.67 340.806 
469.479 1082.61 362.022 306.592 
1006.69 1082.77 901.934 323.433 
1392.86 1089.84 1284.02 349.186 
1132.35 1095.19 1026.18 339.999 
398.799 1097.37 290.921 320.134 
233.962 1100.93 122.42 319.075 
280.501 1120.53 170.721 339.429 
1001.54 1121.9 894.706 361.985 
1001.54 1121.9 894.706 361.985 
1001.54 1121.9 894.706 361.985 
1503.21 1122.88 820.078 1001.62 
935.012 1125.02 828.328 362.368 
315.021 1128.13 206.098 349.068 
930.085 1128.09 822.898 365.953 
317.777 1135.23 209.219 356.154 
313.405 1139.91 204.718 360.875 
389.836 1140.54 282.214 363.312 
389.836 1140.54 282.214 363.312 
800.18 1144.31 693.449 377.095 
1285.24 1144.17 1173.44 398.08 
682.264 1149.73 542.33 406.998 
994.886 1150.88 886.697 390.214 
994.886 1150.88 886.697 390.214 
1107.4 1153.69 997.377 397.202 
985.039 1156.34 875.791 395.657 
985.039 1156.34 875.791 395.657 
1417.69 1156.27 1302.54 415.318 
1417.69 1156.27 1302.54 415.318 
1020.04 1157.71 911.145 397.339 
1447.83 1162.39 1330.94 422.956 
1354.1 1164.03 1239.05 419.648 
1473.21 1163.81 1355.07 424.933 
1000.32 1169.15 891.108 407.6 
1079.77 1177.84 968.838 420.082 
1079.77 1177.84 968.838 420.082 
1121.07 1173.88 1009.74 417.286 
1121.07 1173.88 934.444 451.804 
1052.56 1175.08 1002.59 383.875 
899.89 1185.45 790.695 421.405 
984.809 1186.25 874.448 425.441 
1448.15 1186.57 1328.54 446.634 
979.15 1188.37 869.051 427.118 
1437.25 1190.34 1317.9 449.493 
438.356 1192.66 331.476 415.874 
392.88 1192.85 286.018 414.924 
584.37 1195.93 477.678 423.045 
638.109 1196.61 530.729 424.381 
578.895 1200.08 472.058 427.298 
1077.1 1206.38 964.45 447.416 
1077.1 1206.38 964.45 447.416 
1294.92 1205.85 1177.62 457.851 
682.084 1209 574.33 437.592 
689.03 1210.22 581.337 439.68 
1047.19 1212.14 934.444 451.804 
643.206 1216.67 535.458 444.304 
669.212 1218.13 561.148 446.948 
462.221 1220.24 355.347 442.855 
1066.7 1220.48 938.712 466.262 
1041.94 1221.22 928.361 459.658 
222.892 1221.9 115.808 439.267 
486.202 1222.98 379.61 446.508 
504.492 1225.83 397.83 449.727 
662.379 1229.17 554.033 457.011 
662.379 1229.17 554.033 457.011 
502.142 1231.85 395.377 455.664 
502.142 1231.85 395.377 455.664 
607.484 1234.67 499.866 461.658 
1410.92 1234.85 1287.33 492.084 
392.122 1239.87 285.929 460.316 
554.933 1244.33 447.835 469.7 
554.933 1244.33 447.835 469.7 
636.847 1244.14 528.984 470.614 
559.358 1253.1 452.197 478.768 
559.358 1253.1 452.197 478.768 
632.133 1254.41 524.32 481.07 
488.744 1255 382.139 478.068 
493.759 1261.22 387.286 484.534 
549.654 1260.94 442.09 486.085 
346.899 1267.54 241.379 487.003 
332.194 1269 226.887 487.286 
321.183 1270 216.441 487.998 
441.032 1274.71 334.674 496.08 
441.032 1274.71 334.674 496.08 
309.283 1283.87 204.358 501.68 
367.257 1285.44 261.673 504.666 
136.072 1285.81 33.1034 500.523 
136.072 1285.81 33.1034 500.523 
598.83 1291.31 490.864 516.697 
286.723 1295.89 183.138 511.837 
179.197 1298.73 75.758 513.865 
125.101 1300.15 23.314 515.287 
288.001 1302.03 183.816 518.548 
860.361 1311.11 747.282 541.783 
318.574 1318.89 214.536 536.157 
1024.43 1321.12 905.161 558.034 
988.144 1323.9 871.291 558.457 
1013.27 1326.92 895.624 562.255 
1536.08 1327.28 1398.92 583.686 
348.323 1328.09 243.983 545.948 
414.937 1329.77 310.018 548.34 
1299.14 1333.78 1173.6 629.42 
277.446 1334.8 174.548 549.966 
962.902 1337.81 846.353 574.035 
957.19 1339.01 840.404 571.868 
957.19 1339.01 840.404 571.868 
1262.27 1338.64 1136.19 582.788 
634.558 1344.55 525.339 568.044 
683.099 1344.96 572.66 569.91 
948.302 1346.81 831.419 578.709 
256.095 1350.32 154.629 563.776 
970.473 377.726 481.554 307.152 
1350.19 381.182 1333.96 178.254 
1313.67 436.397 1587.33 116.632 
1505.06 443.146 1488.54 22.1552 
1203.92 772.595 1121.93 14.8827 
1118.51 784.963 1032.77 21.9113 
872.649 795.3 779.658 22.9317 
1201.1 796.195 1116.84 38.7997 
1588.11 797.611 1511.64 63.2161 
1115.09 799.211 1028.21 37.6218 
798.871 804.708 702.713 30.0265 
710.062 814.797 611.212 35.7479 
563.413 817.743 458.655 35.4953 
1008.45 824.773 917.396 60.0047 
1563 830.154 1481.95 95.4701 
1555.75 842.965 1473.08 108.663 
1671.27 855.831 1587.95 128.875 
713.528 858.358 613.538 83.1152 
661.447 860.812 559.839 84.3886 
1519.64 864.63 1433.24 130.657 
1015.94 867.907 924.278 103.616 
1015.94 867.907 924.278 103.616 
1070.05 870.183 946.022 248.971 
534.481 871.806 428.382 90.9226 
280.519 883.013 161.765 93.7925 
280.519 883.013 161.765 93.7925 
1397.41 887.096 1308.68 144.668 
929.66 889.88 834.34 124.564 
707.729 889.956 607.119 116.343 
551.9 893.593 446.069 114.78 
1391.89 896.666 1302.05 154.179 
1449.26 897.806 1358.13 159.163 
639.672 898.996 536.628 123.88 
584.65 900.042 480.803 123.074 
1435.01 902.217 1344.68 162.704 
542.807 907.864 437.23 129.384 
905.257 910.942 808.166 145.189 
616.262 912.226 512.128 136.78 
1681.25 916.376 1589.13 190.041 
1377.39 920.8 1075.9 877.723 
288.792 924.308 172.157 138.215 
876.452 934.586 777.792 167.806 
706.71 941.68 604.495 169.152 
289.145 944.007 173.537 158.823 
289.145 944.007 173.537 158.823 
449.297 945.841 340.768 166.956 
662.697 954.286 559.537 181.234 
258.765 957.063 142.079 171.041 
591.329 961.394 486.75 187.196 
328.182 961.587 215.074 179.345 
328.182 961.587 215.074 179.345 
989.136 963.118 890.555 201.294 
976.543 963.853 877.257 202.165 
257.754 964.944 141.325 179.526 
690.329 965.363 587.473 194.265 
395.186 970.328 284.632 190.6 
595.048 971.123 490.063 197.052 
694.922 971.194 592.151 199.875 
965.893 970.777 866.328 207.184 
530.944 971.94 424.206 196.066 
533.841 984.989 427.553 208.931 
512.181 987.896 405.816 211.11 
611.297 989.583 506.374 216.417 
1044.84 991.34 944.93 233.015 
967.477 998.284 866.746 237.236 
1348.3 1004.68 1247.7 261.522 
961.135 1005.61 860.63 243.816 
1135.41 1022.67 1033.52 267.402 
845.559 1026.84 742.848 260.917 
845.559 1026.84 742.848 260.917 
796.764 1027.65 693.46 259.528 
1400.81 1032.06 1297.67 292.274 
631.533 1037.57 526.738 265.976 
693.709 1039.12 589.265 268.203 
1379.72 1044.11 1274.76 303.423 
708.234 1048.12 603.854 277.926 
758.814 1050.55 654.603 280.979 
788.024 1064.96 683.548 297.358 
788.024 1064.96 683.548 297.358 
487.047 1067.13 379.799 291.964 
1438.02 1066.72 1330.72 328.766 
1430.29 1070.72 1322.62 332.04 
218.803 1072.63 105.312 289.951 
218.803 1072.63 105.312 289.951 
1140.34 1074.71 1035.13 319.667 
1414.37 1085.28 1305.58 345.645 
459.941 1089.33 379.799 291.964 
970.689 1102.35 865.14 340.932 
1234.91 1105.9 1127.01 356.559 
933.897 1110.24 827.814 348.286 
933.897 1110.24 827.814 348.286 
630.454 1114.74 524.04 343.442 
630.454 1114.74 524.04 343.442 
771.825 1117.61 665.572 350.295 
280.511 1120.18 170.721 339.429 
846.731 1121.43 739.854 356.294 
410.718 1129.62 303.102 353.152 
983.985 1133.45 876.871 372.279 
1126.01 1134.55 1017.15 377.972 
1128.84 1141.31 1019.2 385.638 
245.481 1144.43 136.364 363.114 
245.481 1144.43 136.364 363.114 
1280.36 1150.21 1168.2 403.065 
1431.64 1150.22 1317.33 410.099 
1431.64 1150.22 1317.33 410.099 
997.098 1156.08 888.119 395.876 
997.098 1156.08 888.119 395.876 
1245.71 1157.81 1133.94 408.231 
932.617 1167 824.477 403.246 
980.158 1166.36 870.795 404.818 
670.314 1170.39 563.246 398.783 
789.828 1170.54 682.612 402.696 
1371.63 1176.82 1255.05 433.566 
711.029 1183.22 603.881 413.089 
676.372 1185.04 568.9 414.234 
1073.85 1187.71 962.198 429.092 
1073.85 1187.71 962.198 429.092 
224.363 1189.6 115.582 407.431 
704.238 1190.31 596.828 419.075 
881.268 1194.4 771.882 428.5 
1111.79 1197.03 999.041 439.82 
1313.35 1198.79 1197.3 452.006 
1156.01 1209.29 1041.73 453.313 
395.706 1214.1 289.666 434.438 
893.672 1216.03 782.927 460.845 
1054.48 1216.02 941.737 455.934 
607.283 1219.86 500.137 446.865 
372.842 1220.95 266.315 441.41 
372.842 1220.95 266.315 441.41 
451.782 1222.13 344.914 444.072 
893.858 1225.39 782.927 460.845 
1045.4 1227.33 931.957 465.96 
627.723 1228.37 520.067 455.244 
627.723 1228.37 520.067 455.244 
1416.02 1228.24 1293.09 484.641 
473.668 1230.17 366.918 453.251 
489.532 1231.21 382.647 454.254 
938.339 1232.46 826.776 469.087 
550.014 1234.49 442.659 460.313 
613.339 1234.57 505.319 461.448 
656.317 1235.15 549.901 461.929 
466.954 1236.94 360.557 459.808 
658.27 1242.48 550.382 469.906 
658.27 1242.48 550.382 469.906 
1540.44 1244.75 648.025 348.66 
939.135 1249.28 826.934 485.711 
626.974 1251.17 519.285 476.724 
924.57 1256.86 811.737 492.053 
931.102 1261.15 817.839 496.471 
353.376 1263.83 247.884 483.294 
161.099 1265.15 56.4577 480.271 
626.496 1266.24 518.573 492.825 
626.496 1266.24 518.573 492.825 
507.939 1266.93 401.728 490.618 
185.836 1274.38 81.586 490.027 
309.341 1280.48 204.445 497.353 
352.323 1282.63 247.099 501.618 
174.13 1284.57 70.1589 500.683 
906.706 1285.77 793.688 520.251 
971.213 1287.51 856.231 523.404 
971.213 1287.51 856.231 523.404 
510.662 1294.82 403.951 517.763 
510.662 1294.82 403.951 517.763 
879.611 1308.14 766.415 540.203 
1259.53 1308.29 1135.73 553.179 
1000.61 1318.6 883.901 553.538 
392.933 1319.77 287.889 537.888 
667.792 1321.26 558.098 546.996 
305.164 1321.74 201.704 537.714 
297.527 1325.65 194.34 542.074 
373.701 1326.17 268.879 543.673 
373.701 1326.17 268.879 543.673 
993.83 1328.02 875.673 562.973 
993.83 1328.02 875.673 562.973 
263.882 1329.53 161.158 545.157 
977.763 1328.89 860.665 562.998 
737.242 1331.26 626.268 558.022 
973.264 1337.73 855.812 570.917 
1160.78 1338.3 1037.62 578.181 
334.066 1342.75 230.547 559.487 
396.858 1344.65 292.574 563.077 
262.766 1345.72 160.628 560.2 
262.766 1345.72 160.628 560.2 
269.261 1349.08 167.206 563.994 
261.805 1352.89 159.962 567.591 
806.942 391.665 1691.74 518.44 
339.846 599.635 942.014 363.229 
299.864 655.041 577.919 990.094 
631.619 800.786 529.796 20.3063 
631.619 800.786 529.796 20.3063 
1012.2 813.026 638.984 426.958 
997.245 815.78 906.739 50.0767 
361.961 829.027 246.546 41.0013 
694.044 831.931 594.149 54.0409 
694.044 831.931 594.149 54.0409 
915.823 836.059 723.103 140.462 
533.515 838.157 428.71 57.0522 
1408.11 841.744 1323.42 98.9627 
915.494 851.588 820.571 85.7601 
1186.84 857.929 1097.27 103.183 
620.865 860.974 518.645 83.2352 
1472.86 869.132 1387.24 131.339 
276.509 870.378 157.446 80.3423 
276.509 870.378 157.446 80.3423 
738.006 869.628 638.372 95.4155 
302.736 873.722 185.36 85.7143 
641.709 877.577 539.106 99.6674 
724.716 879.438 624.734 105.386 
615.451 889.513 511.555 112.936 
1191.29 889.937 1099.6 136.43 
1379.01 903.989 1285.9 161.88 
957.177 911.053 860.723 147.2 
379.313 912.092 267.245 128.825 
379.313 912.092 267.245 128.825 
695.194 917.762 593.465 145.198 
381.394 921.608 268.788 138.735 
1454.2 923.709 1361.21 185.318 
619.995 925.208 516.132 150.526 
1390.55 928.221 1297.8 186.284 
1269.7 929.48 1175.11 181.429 
576.632 941.378 471.191 166.11 
672.697 941.648 569.969 168.843 
1339.77 945.749 1245.26 201.731 
977.657 951.505 878.98 190.237 
289.926 953.798 174.888 169.052 
289.926 953.798 174.888 169.052 
1212.04 965.16 1114.07 215.433 
569.016 967.911 463.365 192.91 
973.636 973.049 874.224 209.8 
358.215 982.739 246.593 201.856 
1684.82 989.422 1582.5 264.578 
1684.82 989.422 1582.5 264.578 
396.258 1008.33 286.986 230.076 
1229.55 1007.58 1129.46 258.171 
1258.24 1010.88 1156.66 263.332 
960.413 1015.91 858.772 254.332 
1265.87 1017.38 1164.47 268.885 
1265.87 1017.38 1164.47 268.885 
1017.48 1018.62 1185.79 99.4635 
1232.9 1022.2 1131.54 271.855 
845.485 1027.11 742.848 260.917 
243.786 1038.78 130.18 255.924 
828.316 1042.6 724.924 275.705 
694.08 1053.95 589.322 283.389 
1271.86 1069.07 1166.43 321.516 
738.155 1071.73 632.56 303.656 
900.509 1102.38 795.671 338.727 
334.511 1113.01 225.241 333.752 
638.983 1115.71 533.05 344.318 
648.733 1117.25 543.696 345.766 
717.231 1124.31 611.301 354.369 
675.504 1127.95 569.571 353.261 
1428.99 1135.75 1315.16 395.83 
705.058 1140.23 598.435 369.891 
1111.71 1141.08 1002.59 383.875 
656.965 1146.37 550.242 375.032 
692.761 1147.42 586.104 377.234 
692.761 1147.42 552.087 404.516 
1386.86 1153.24 1271.78 411.065 
1099.01 1158.48 989.367 400.735 
1099.01 1158.48 989.367 400.735 
1084.96 1166.86 989.367 400.735 
985.745 1172.16 876.577 409.167 
627.237 1172.45 520.2 400.337 
728.852 1173.14 621.622 402.806 
1055.11 1182.14 989.367 400.735 
1152.84 1186.94 1040.33 430.985 
1041.49 1189.68 929.942 430.181 
1162 1199.45 1048.37 443.739 
1045.01 1200.8 933.532 441.714 
1045.01 1200.8 933.532 441.714 
1053.59 1200.87 941.814 441.529 
1083.8 1201.05 971.038 442.874 
1103.8 1200.46 990.96 441.596 
420.82 1203.11 313.698 424.796 
442.855 1205.03 336.055 427.911 
416.688 1214.35 309.867 435.053 
1127.49 1214.17 1013.48 456.76 
1286.26 1214.2 1168.54 465.017 
1074.16 1215.84 960.895 456.104 
1122.66 1225.27 1008.03 467.466 
407.612 1231.3 301.109 452.243 
415.623 1235.73 309.047 457.21 
1082.64 1235.64 967.595 475.865 
429.281 1247.08 323.237 469.1 
405.122 1251.57 298.704 472.002 
1043.22 1253.64 927.447 492.466 
1417.77 1260.33 1291.49 516.473 
493.509 1272.9 386.476 495.609 
1003.72 1273.37 888.902 509.448 
338.826 1273.85 233.433 491.775 
353.431 1275.27 248.059 493.938 
136.382 1280.03 33.6112 494.749 
729.496 1282.97 619.477 511.103 
1480.97 1285.12 1351.23 542.083 
1456.47 1292.04 1326.76 546.629 
386.128 1311.18 281.063 529.247 
675.399 1318.14 565.683 543.985 
642.152 1319.45 532.869 543.75 
884.618 1327.14 770.43 558.731 
1535.8 1329.6 1397.78 586.441 
642.482 1333.84 532.921 558.224 
1528.88 1336.26 1390.16 592.893 
789.525 1340.18 676.832 568.394 
329.755 556.357 1696.78 146.224 
1607.73 788.987 1534.1 55.6743 
556.31 798.667 451.406 14.1419 
922.245 798.187 830.307 28.4755 
587.987 808.623 484.023 25.2097 
699.253 821.545 600.155 43.9886 
699.253 821.545 600.155 43.9886 
587.31 830.399 484.052 50.8611 
999.291 841.024 907.217 76.9885 
1543.91 840.543 1461.32 105.632 
614.545 841.209 512.248 61.5275 
1051.88 844.723 960.42 82.6946 
1419.12 845.591 1335.73 102.805 
1272.64 850.032 1185.79 99.4635 
1420.93 855.918 1336.08 114.042 
1536.06 856.719 1452.01 121.961 
381.993 860.608 268.764 74.8219 
1517.9 868.145 1431.83 132.849 
720.161 869.79 620.27 95.1676 
1490.29 873.03 1404.62 135.389 
719.294 894.724 619.361 121.593 
324.142 899.545 208.827 113.113 
349.767 902.835 236.366 118.21 
854.754 909.843 756.436 142.016 
533.477 911.325 426.861 133.075 
1445.95 920.37 1354.21 181.085 
1445.95 920.37 1354.21 181.085 
844.663 925.995 744.724 159.354 
844.663 925.995 744.724 159.354 
598.882 935.44 494.787 160.144 
838.354 954.289 738.209 186.672 
524.291 958.552 417.86 181.525 
524.291 958.552 417.86 181.525 
553.523 961.526 447.589 186.368 
532.997 969.563 425.985 193.745 
250.441 975.261 134.362 190.089 
385.751 992.589 276.505 212.34 
385.751 992.589 276.505 212.34 
398.172 992.485 288.458 213.144 
1146.02 1005.27 1046.5 251.666 
447.906 1008.42 339.405 230.145 
1168.74 1011.41 1066.58 261.271 
309.01 1015.17 196.979 233.817 
1369.41 1016.45 1267.67 276.323 
1126.12 1018.54 1024.31 263.611 
289.985 1030.25 177.029 249.034 
1242.67 1034.08 1140.29 285.061 
1276.78 1034.87 1174.05 288.705 
721.549 1037.31 617.214 268.026 
372.568 1078.23 262.959 299.187 
216.751 1103.77 104.972 321.256 
302.999 1107.46 193.529 327.875 
856.685 1125.74 749.768 360.395 
933.398 1152.75 825.239 390.681 
1437.83 1157.06 1321.27 416.807 
1366.07 1162.98 1251.05 419.313 
1098 1177.84 987.06 421.054 
1308.54 1186.65 1192.52 439.611 
751.153 1188.57 643.167 419.327 
691.784 1195.32 584.489 423.889 
751.489 1202.03 643.171 433.058 
729.807 1212.48 621.742 441.197 
593.537 1228.62 486.55 455.438 
565.3 1240.39 458.63 465.877 
970.039 1249.77 857.51 486.552 
1412.34 1250.31 1287.68 505.146 
1533.36 1263.87 307.683 767.333 
438.312 1267.71 333.297 488.888 
1009.06 1288.14 893.534 523.984 
881.179 1292.15 768.436 524.495 
875.969 1320.91 762.489 551.62 
853.866 1323.68 740.336 554.701 
363.76 1326.11 259.319 543.293 
1251.32 1326.05 1126.4 569.987 
780.125 1333.91 668.155 561.506 
1254.97 707.731 914.194 131.265 
1021.41 818.65 932.557 53.2541 
1021.41 818.65 932.557 53.2541 
851.966 821.892 756.999 50.0698 
599.408 838.161 494.871 59.6255 
242.31 879.765 119.962 91.236 
1041.65 883.419 947.765 123.09 
1009.05 893.772 914.194 131.265 
1440.52 893.624 1351.02 154.564 
1162.54 928.522 1067.68 173.425 
1431.47 931.398 1338 192.327 
514.558 934.844 407.717 155.249 
500.466 940.118 393.267 161.271 
880.471 947.664 781.977 181.228 
1000.03 948.042 902.435 187.153 
634.563 966.394 531.167 191.981 
337.559 981.906 223.895 201.301 
410.49 984.141 85.5033 1069.34 
317.7 1035.83 206.405 253.606 
330.694 1036.76 220.076 256.418 
1172.18 1037.18 1068.67 285.86 
1172.18 1037.18 1068.67 285.86 
516.01 1051.72 409.734 276.154 
361.658 1068.39 251.83 289.186 
561.88 1067.55 456.172 293.39 
537.115 1069.53 430.721 295.221 
233.567 1086.6 121.366 305.088 
275.004 1133.66 164.62 353.212 
487.432 1160.2 381.776 384.081 
541.956 1171.48 434.345 399.542 
872.624 1172.08 763.601 406.347 
1416.95 1178.34 1298.67 437.678 
459.975 1180.23 353.584 403.724 
1033.95 1179.75 923.711 418.191 
1382.64 1181.8 1265.68 438.504 
532.57 1188.17 426.449 413.424 
514.568 1202.08 408.081 426.455 
1033.43 1232.12 920.131 469.883 
1033.43 1232.12 920.131 469.883 
1432.41 1238.25 1306.66 495.804 
1445.03 1246.08 1320.2 502.564 
1293.24 1278.78 1169.84 526.929 
1025.44 1284 909.565 520.223 
1025.44 1284 909.565 520.223 
1294.18 1305.39 1169.26 552.453 
319.548 1313.92 214.439 531.498 
319.548 1313.92 214.439 531.498 
912.5 1314.5 798.137 545.894 
1480.9 1321.35 1347.52 576.856 
213.925 1327.23 112.334 541.813 
1022.52 1333.25 904.39 568.208 
1593.57 449.929 1430.02 136.16 
926.264 713.751 669.477 99.0083 
1066.41 806.563 979.216 42.6188 
1599.71 812.691 1521.89 79.38 
698.049 853.931 598.581 78.0207 
1200.23 929.266 1105.65 177.774 
1070.31 941.211 974.232 185.191 
377.155 958.725 265.732 176.166 
470.388 986.487 361.576 207.552 
1037.2 988.076 937.478 228.092 
1222.17 987.344 1124.31 236.735 
1376.18 1032.3 1271.59 292.61 
1157.72 1051.04 1053.48 296.767 
1381.83 1061.61 1274.74 320.831 
519.841 1089.05 412.855 314.123 
1230.97 1089.6 1123.95 341.67 
408.324 1092.29 300.64 314.752 
291.892 1122.4 182.493 341.839 
1141.93 1123.39 1032.97 367.721 
363.198 1132.12 255.598 354.185 
289.356 1142 179.98 362.38 
1274.1 1152.18 1159.57 405.312 
1239.9 1153.54 1127.66 403.905 
767.323 1207.41 658.302 439.113 
1471.15 1240.96 1347.86 496.128 
408.228 1265.8 302.294 486.229 
945.857 1317.65 829.544 551.108 
1514.62 804.56 1435.89 67.6184 
1514.62 804.56 1435.89 67.6184 
1370.05 812.919 1287.23 68.2984 
1566.52 831.703 1483.9 98.8474 
688.02 836.707 588.681 59.0811 
634.047 865.59 530.9 88.6657 
1062.55 888.343 968.852 130.322 
1461.66 892.42 1373.24 154.017 
735.08 920.508 635.242 146.885 
736.096 958.774 635.582 187.706 
736.318 1027.74 634.134 256.964 
1036.08 1028.12 584.606 445.384 
226.589 1133.31 116.459 350.765 
646.453 1133.1 539.902 362.575 
1259.83 1171.71 1147.11 422.883 
659.565 1179.37 552.411 407.678 
1434.55 1188.2 1315.46 446.611 
1489.75 1250.37 1362.11 508.644 
921.142 1268.06 808.659 502.711 
918.506 1288.34 803.233 523.836 
418.599 1311.96 313.125 530.368 
929.529 1327.07 814.593 559.984 
371.281 647.184 763.634 889.139 
1155.83 859.553 1065.63 103.581 
1551.21 860.611 1466.04 125.135 
1332.86 865.229 1243.88 119.912 
678.693 880.903 578.525 104.984 
1105.97 890.6 1015.29 132.337 
632.525 895.464 529.775 120.128 
648.366 917.665 544.911 143.853 
961.659 922.543 863.812 161.098 
1467.3 934.403 1374.93 195.363 
708.501 1077.83 602.915 309.517 
675.193 1105.6 570.969 334.814 
827.284 1103.89 721.57 337.381 
1181.9 1105.17 1073.79 353.932 
1110.47 1125.78 1002.98 369.4 
1159.65 1255.18 1042.3 497.538 
1159.65 1255.18 1042.3 497.538 
1494.57 1275.66 1364.89 534.47 
972.099 1309.31 854.124 544.643 
1297.98 867.445 1208.76 118.016 
991.153 922.699 895.81 159.115 
1111.32 949.488 1014.98 192.535 
598.943 1009.89 494.256 236.88 
1118.94 1067.85 1016.35 312.144 
1324.78 1076.78 1215.78 336.375 
337.933 1081.42 228.659 301.613 
337.933 1081.42 228.659 301.613 
1006.88 1252.69 892.963 488.948 
1403.89 1303.15 1274.48 550.354 
1499.38 897.521 1412.93 157.263 
1411.17 960.142 1310.72 219.744 
923.504 1169.66 813.737 405.595 
791.436 1239.06 680.99 470.168 
791.436 1239.06 680.99 470.168 
1008.51 191.82 1138.05 1099.36 
1192.67 1061.46 1088.11 311.777 
878.117 1199.84 768.438 431.078 
933.364 914.929 838.433 155.335 
1209.88 876.025 1124.09 114.566 
887.427 993.573 788.87 226.701 
1319.36 995.701 1222.22 253.358 
