0.528889
0.627966
0.683417
0.680855
0.566954
0.626633
0.696718
0.553294
0.483883
0.67255
0.676716
0.676006
0.636404
0.590488
0.65091
0.646277
0.602154
0.617568
0.691556
0.642467
0.677526
0.662757
0.664521
0.615346
0.561844
0.61278
0.633768
0.580015
0.563728
0.413915
0.655619
0.416873
0.591549
0.599208
0.417273
0.471338
0.441114
0.682427
0.623584
0.64508
0.596402
0.540298
0.611822
0.47549
0.661188
0.468119
0.674371
0.531257
0.673042
0.300385
0.380158
0.438646
0.610911
0.65017
0.616441
0.525213
0.597099
0.49062
0.660543
0.501691
0.507676
0.695376
0.561113
0.298233
0.688101
0.576419
0.567212
0.518469
0.684764
0.673106
0.635888
0.419729
0.577486
0.561613
0.407691
0.572032
0.501662
0.599478
0.4538
0.668762
0.543093
0.654797
0.592319
0.582088
0.559281
0.587675
0.56941
0.529977
0.665874
0.537675
0.617343
0.633052
0.687407
0.628994
0.647082
0.637101
0.601943
0.601149
0.679892
0.569268
0.493937
0.458333
0.457395
0.418798
0.376446
0.487708
0.491686
0.605065
0.554927
0.489345
0.51551
0.490707
0.68698
0.539119
0.467446
0.594094
0.610271
0.684314
0.46402
0.506718
0.695196
0.693723
0.613251
0.377649
0.438627
0.53749
0.393046
0.655836
0.5192
0.388943
0.618113
0.569356
0.427693
0.661663
0.699149
0.294206
0.327344
0.541791
0.5669
0.511425
0.473032
0.689112
0.571222
0.627969
0.349402
0.565663
0.518217
0.486999
0.667439
0.551667
0.586658
0.628425
0.514369
0.615401
0.64948
0.54295
0.366284
0.422528
0.690248
0.577556
0.622392
0.637459
0.450007
0.590372
0.541624
0.411465
0.597921
0.630137
0.598494
0.336958
0.573386
0.320798
0.322063
0.469039
0.634249
0.689047
0.667545
0.61129
0.665086
0.69947
0.486009
0.510052
0.699811
0.659817
0.492696
0.693744
0.532121
0.556384
0.361587
0.39619
0.589895
0.610045
0.626257
0.691444
0.454493
0.644469
0.484235
0.363199
0.586361
0.615125
0.586047
0.661189
0.620472
0.574101
0.588588
0.541189
0.601498
0.694965
0.435779
0.654984
0.47425
0.573454
0.655289
0.552622
0.637543
0.592347
0.566586
0.685575
0.565435
0.609798
0.483641
0.623404
0.606081
0.663437
0.46291
0.631763
0.658485
0.500893
0.439282
0.637464
0.498085
0.657074
0.631119
0.566307
0.626519
0.697072
0.611947
0.635469
0.684802
0.465721
0.607147
0.367605
0.639143
0.4105
0.427513
0.584635
0.558532
0.58596
0.641999
0.555433
0.33264
0.698774
0.411467
0.475788
0.631271
0.560907
0.690567
0.627943
0.610841
0.511084
0.482253
0.649766
0.636987
0.550401
0.636374
0.607647
0.647408
0.447252
0.643021
0.571866
0.635002
0.490931
0.674826
0.695432
0.489016
0.685178
0.528358
0.553661
0.466641
0.697553
0.504483
0.466035
0.665711
0.623353
0.55418
0.664237
0.590981
0.633478
0.430718
0.49886
0.632354
0.464403
0.576265
0.423019
0.466031
0.593167
0.383086
0.696292
0.628749
0.549752
0.693155
0.525544
0.605569
0.6984
0.484454
0.673013
0.656473
0.505741
0.597032
0.532938
0.529299
0.40892
0.468346
0.319805
0.471246
0.55374
0.599352
0.646117
0.409542
0.369919
0.668701
0.524018
0.607541
0.371301
0.663692
0.542743
0.66205
0.524559
0.512757
0.579406
0.557185
0.683621
0.519517
0.651885
0.391759
0.499258
0.581069
0.437204
0.658783
0.687411
0.69932
0.699847
0.505555
0.667527
0.461732
0.545786
0.262305
0.665074
0.695025
0.682064
0.410425
0.50324
0.475413
0.509601
0.375254
0.614215
0.471193
0.371429
0.684265
0.524995
0.4097
0.610308
0.504647
0.641395
0.388921
0.376499
0.673398
0.324871
0.695951
0.567245
0.404596
0.685019
0.561289
0.460078
0.672299
0.423064
0.637571
0.516416
0.649963
0.66149
0.511572
0.52649
0.546789
0.624673
0.394408
0.645475
0.454821
0.441522
0.285025
0.567608
0.526832
0.470004
0.619324
0.692293
0.515237
0.573258
0.437921
0.585888
0.461108
0.637521
0.580002
0.401127
0.660302
0.626597
0.698664
0.312865
0.43877
0.658532
0.620222
0.399082
0.578524
0.568233
0.626956
0.501896
0.402168
0.475524
0.539568
0.602562
0.507836
0.475831
0.319544
0.699394
0.62399
0.695785
0.568905
0.375625
0.48124
0.522325
0.67879
0.524589
0.591958
0.498762
0.402257
0.549079
0.646185
0.513888
0.522263
0.508627
0.635735
0.524557
0.401524
0.497538
0.560401
0.606276
0.686099
0.531358
0.667438
0.64479
0.613236
0.532893
0.545073
0.501665
0.666638
0.663374
0.545273
0.54922
0.325815
0.40644
0.575515
0.598113
0.589694
0.505922
0.65863
0.456457
0.63693
0.4156
0.53771
0.505908
0.584485
0.615435
0.294201
0.617703
0.655088
0.554646
0.698814
0.664536
0.493288
0.649972
0.430687
0.655082
0.654567
0.61826
0.598464
0.461106
0.597385
0.681121
0.653696
0.454478
0.616819
0.670249
0.412546
0.429708
0.465591
0.670554
0.474599
0.302467
0.419904
0.648414
0.465857
0.643912
0.550132
0.509572
0.653189
0.653056
0.379227
0.542811
0.638569
0.622642
0.497316
0.470052
0.637843
0.674614
0.645946
0.669705
0.615049
0.526852
0.480928
0.622619
0.394007
0.664944
0.645283
0.455023
0.340086
0.66673
0.50748
0.51289
0.585165
0.432093
0.448448
0.626716
0.671804
0.680199
0.504107
0.5612
0.663629
0.605157
0.453918
0.455732
0.378092
0.607829
0.655309
0.561098
0.353139
0.594365
0.504878
0.65328
0.50356
0.534436
0.642428
0.631604
0.4237
0.414438
0.422303
0.666941
0.616347
0.639826
0.550436
0.652585
0.511737
0.367488
0.446793
0.694188
0.676368
0.456517
0.598635
0.405283
0.564003
0.640849
0.676582
0.633423
0.623716
0.574142
0.536314
0.693474
0.696749
0.671043
0.684382
0.699735
0.651411
0.65277
0.654586
0.651276
0.470005
0.69775
0.602062
0.681918
0.659369
0.688088
0.624415
0.578516
0.652284
0.697917
0.65989
0.59916
0.549045
0.442419
0.658644
0.66271
0.611167
0.547251
0.658322
0.647444
0.671241
0.501961
0.696885
0.628865
0.495543
0.535097
0.509159
0.637984
0.67633
0.560326
0.543452
0.553282
0.377629
0.3597
0.467768
0.651947
0.674821
0.659491
0.555256
0.496365
0.466252
0.354788
0.600774
0.644808
0.547705
0.662921
0.602637
0.545655
0.299642
0.305299
0.545808
0.305868
0.656701
0.495669
0.436215
0.582145
0.477483
0.557817
0.636918
0.450416
0.439559
0.633101
0.373203
0.665267
0.609961
0.606595
0.537952
0.582383
0.610716
0.440206
0.561011
0.516595
0.649322
0.66824
0.584878
0.618853
0.548096
0.567407
0.462842
0.394236
0.567112
0.618135
0.579613
0.604801
0.540104
0.571743
0.452157
0.524982
0.660217
0.504617
0.631663
0.36744
0.394644
0.655868
0.566465
0.560896
0.607937
0.365562
0.3333
0.471384
0.547855
0.51299
0.570895
0.367618
0.277093
0.660195
0.532515
0.479204
0.587573
0.388246
0.321153
0.509324
0.38378
0.431243
0.671276
0.569376
0.468126
0.632527
0.632036
0.668614
0.570135
0.461924
0.541756
0.401372
0.588924
0.645884
0.647699
0.397017
0.559358
0.475555
0.419847
0.470524
0.640323
0.573695
0.457787
0.698008
0.328568
0.399215
0.506757
0.519523
0.493601
0.468655
0.563944
0.649895
0.306293
0.396354
0.669252
0.375722
0.426797
0.413309
0.646758
0.597756
0.667158
0.538687
0.562357
0.653203
0.557669
0.455224
0.52332
0.437479
0.591373
0.37847
0.36562
0.664663
0.53146
0.44246
0.637289
0.37556
0.444009
0.647878
0.655203
0.537064
0.653785
0.571635
0.66441
0.611207
0.473182
0.44033
0.443508
0.394759
0.583819
0.676717
0.565184
0.658614
0.622494
0.537114
0.481837
0.589781
0.681311
0.574756
0.626525
0.657247
0.498872
0.352987
0.65923
0.420016
0.541194
0.514901
0.295889
0.416856
0.547749
0.670265
0.635091
0.390371
0.338394
0.572277
0.697778
0.674891
0.343856
0.446266
0.699217
0.514346
0.626872
0.525768
0.543729
0.488519
0.369245
0.60259
0.441455
0.306757
0.210362
0.619479
0.45735
0.471878
0.643043
0.392661
0.532243
0.589204
0.624098
0.439257
0.583508
0.314717
0.289321
0.469018
0.43102
0.385859
0.540381
0.488713
0.39198
0.487545
0.672801
0.44879
0.502865
0.623794
0.697136
0.584352
0.568241
0.429713
0.407339
0.353999
0.660591
0.48648
0.480008
0.532768
0.605922
0.69419
0.69795
0.455311
0.425235
0.449522
0.525369
0.405605
0.528277
0.685478
0.522391
0.514241
0.559428
0.552352
0.582975
0.407214
0.541714
0.472033
0.513796
0.694833
0.59022
0.520371
0.419741
0.432762
0.524348
0.38763
0.382169
0.386098
0.585711
0.554608
0.588199
0.442778
0.440796
0.496862
0.332521
0.697559
0.537065
0.538068
0.666215
0.519331
0.635362
0.637983
0.542904
0.598564
0.621372
0.455023
0.441571
0.597896
0.646544
0.645432
0.518423
0.652381
0.637488
0.581963
0.651043
0.381023
0.676605
0.426245
0.665907
0.512156
0.302389
0.655829
0.610749
0.626973
0.532547
0.54018
0.572186
0.617943
0.644207
0.547924
0.687507
0.519633
0.61188
0.56517
0.440084
0.444428
0.482656
0.295155
0.366832
0.592579
0.570831
0.633923
0.480677
0.585287
0.699133
0.491229
0.597638
0.501731
0.472942
0.536642
0.519389
0.349182
0.450667
0.673941
0.433058
0.328164
0.611191
0.310516
0.528635
0.514777
0.564516
0.417248
0.633983
0.472227
0.695975
0.508829
0.674088
0.608643
0.609473
0.692391
0.515455
0.55415
0.685012
0.350235
0.643261
0.439492
0.498219
0.413375
0.622646
0.496686
0.416614
0.571581
0.57936
0.576803
0.517446
0.505136
0.612099
0.514243
0.486533
0.595521
0.401746
0.559681
0.406785
0.533089
0.579431
0.467794
0.477059
0.413169
0.65432
0.552547
0.681117
0.613614
0.664681
0.451056
0.566641
0.530466
0.676117
0.514505
0.42837
0.371585
0.385165
0.463235
0.442392
0.552194
0.473773
0.433574
0.646098
0.398724
0.435317
0.63403
0.415674
0.452893
0.526098
0.326004
0.645873
0.519917
0.454942
0.505201
0.619794
0.532577
0.613744
0.510707
0.677003
0.274214
0.638406
0.688067
0.43524
0.65795
0.587601
0.572521
0.676478
0.663184
0.603105
0.495554
0.515584
0.653435
0.317392
0.435469
0.447334
0.468844
0.545877
0.677491
0.562271
0.432127
0.594983
0.563427
0.506188
0.562264
0.333408
0.334614
0.612793
0.38684
0.570526
0.656035
0.458921
0.680596
0.586634
0.446213
0.575774
0.397225
0.528347
0.436877
0.544799
0.628358
0.41891
0.598755
0.452416
0.413507
0.306923
0.564324
0.652643
0.625851
0.530616
0.544681
0.379774
0.454691
0.457867
0.501801
0.691968
0.473869
0.699796
0.424415
0.553148
0.530348
0.669014
0.61647
0.506592
0.642497
0.634654
0.496764
0.550248
0.479567
0.657906
0.342062
0.61893
0.667879
0.479702
0.473577
0.55643
0.348238
0.606426
0.60408
0.533327
0.627934
0.415542
0.642967
0.606824
0.492498
0.508941
0.454543
0.675492
0.578361
0.499029
0.55489
0.638721
0.492601
0.419005
0.547182
0.6995
0.531837
0.476335
0.46457
0.661504
0.5918
0.410318
0.451847
0.529394
0.483864
0.607202
0.482023
0.486729
0.550683
0.436769
0.677227
0.626428
0.424051
0.564967
0.356714
0.62586
0.66826
0.523847
0.411012
0.399593
0.476588
0.469192
0.620363
0.686572
0.695678
0.595787
0.584585
0.695822
0.665967
0.520209
0.596695
0.488547
0.567315
0.352467
0.403862
0.652561
0.676091
0.312348
0.307013
0.520478
0.545429
0.608403
0.647418
0.448068
0.678331
0.455309
0.343055
0.617418
0.662459
0.500387
0.607797
0.653265
0.404915
0.698656
0.583112
0.609608
0.362144
0.601414
0.470546
0.592868
0.401697
0.471958
0.577132
0.401418
0.380372
0.696579
0.624433
0.680665
0.482493
0.587319
0.282116
0.550715
0.446637
0.578567
0.644637
0.630483
0.514809
0.383185
0.651902
0.337734
0.413163
0.640209
0.418866
0.419119
0.481174
0.630495
0.695854
0.49793
0.408915
0.541025
0.603584
0.300158
0.456863
0.588247
0.627384
0.476564
0.546933
0.464619
0.528428
0.362459
0.493473
0.585075
0.604793
0.639937
0.543687
0.489462
0.363866
0.336435
0.471856
0.362124
0.329924
0.662475
0.386482
0.40915
0.691623
0.596959
0.516567
0.393177
0.614548
0.577567
0.461476
0.490855
0.511778
0.67961
0.479653
0.567796
0.416153
0.445912
0.556333
0.338143
0.3821
0.648814
0.509483
0.564817
0.626933
0.589242
0.27929
0.524334
0.636421
0.470329
0.598931
0.538008
0.489255
0.33961
0.527845
0.366577
0.434283
0.385804
0.457028
0.544552
0.660501
0.617409
0.550297
0.449792
0.360266
0.550448
0.404705
0.54001
0.648696
0.368874
0.699012
0.570665
0.302961
0.662454
0.518046
0.204815
0.41146
0.468876
0.405943
0.347727
0.400443
0.630743
0.3002
0.376514
0.467806
0.530907
0.443646
0.347419
0.552849
0.458549
0.634909
0.355774
0.364319
0.351795
0.677353
0.565843
0.657177
0.601887
0.597255
0.3479
0.660007
0.507896
0.596539
0.542056
0.453772
0.643084
0.537869
0.431037
0.342989
0.304812
0.685474
0.640173
0.271504
0.568971
0.503487
0.383383
0.420637
0.578123
0.684664
0.359789
0.407504
0.538683
0.49683
0.562652
0.690227
0.463986
0.599108
0.461942
0.606561
0.652227
0.574975
0.286726
0.395948
0.465491
0.650625
0.588268
0.469344
0.373801
0.328985
0.609615
0.587821
0.430396
0.321818
0.393408
0.692618
0.656538
0.629091
0.495244
0.587021
0.538315
0.65149
0.633698
0.691924
0.655412
0.664683
0.609006
0.569363
0.487649
0.331558
0.665826
0.513733
0.60386
0.594556
0.397673
0.685681
0.496568
0.567433
0.505037
0.434365
0.349653
0.698141
0.394518
0.417437
0.51113
0.595833
0.456573
0.621856
0.598548
0.651045
0.259701
0.567485
0.602616
0.478096
0.571789
0.560988
0.576148
0.435998
0.696726
0.530877
0.535479
0.535329
0.645283
0.633703
0.580965
0.603882
0.524982
0.385436
0.36529
0.374678
0.477168
0.460023
0.443488
0.617791
0.626725
0.397386
0.405342
0.419281
0.335107
0.461278
0.261119
0.312187
0.340154
0.499545
0.557609
0.534065
0.326251
0.490469
0.358268
0.556196
0.450845
0.4893
0.388473
0.409402
0.462968
0.553341
0.696623
0.495686
0.493082
0.412464
0.481995
0.363736
0.471427
0.47378
0.484443
0.353478
0.416462
0.668667
0.651676
0.637805
0.678606
0.502243
0.299299
0.297275
0.595401
0.330215
0.444836
0.498481
0.538818
0.692822
0.484207
0.367727
0.485625
0.646741
0.59847
0.499655
0.547805
0.534851
0.54841
0.425526
0.439004
0.699843
0.647375
0.648606
0.42022
0.501256
0.591536
0.648999
0.677667
0.685929
0.569849
0.689078
0.698478
0.697577
0.641164
0.378787
0.631421
0.340004
0.372152
0.639657
0.541312
0.556349
0.521504
0.631579
0.642691
0.43681
0.511766
0.529263
0.581669
0.695849
0.403822
0.562984
0.591212
0.456664
0.572353
0.688968
0.412617
0.580089
0.65959
0.559496
0.575451
0.637251
0.238933
0.551397
0.484693
0.396314
0.64914
0.686854
0.420381
0.57633
0.32363
0.648993
0.567283
0.688063
0.6189
0.639375
0.507822
0.678901
0.625128
0.600568
0.603506
0.639127
0.4048
0.630722
0.492046
0.417535
0.316012
0.338216
0.625195
0.462827
0.392649
0.657289
0.444503
0.559431
0.630423
0.573848
0.211436
0.413397
0.318766
0.417612
0.646672
0.524121
0.536371
0.472129
0.475315
0.510112
0.50191
0.440905
0.533177
0.645161
0.337148
0.293609
0.428031
0.558475
0.250136
0.226263
0.414311
0.656524
0.274812
0.448535
0.69888
0.42116
0.689723
0.420598
0.666834
0.438084
0.314687
0.363742
0.558184
0.644877
0.346241
0.375701
0.512733
0.445673
0.379431
0.548883
0.681005
0.65775
0.562423
0.65271
0.503377
0.474311
0.455012
0.667507
0.411702
0.443273
0.342045
0.346242
0.326066
0.695913
0.559745
0.66497
0.655693
0.208173
0.413402
0.684302
0.512654
0.493881
0.674175
0.628957
0.389447
0.462218
0.578366
0.514539
0.513668
0.447869
0.486762
0.500603
0.370717
0.380066
0.415702
0.459033
0.187389
0.181091
0.442862
0.672471
0.576282
0.623935
0.577281
0.643643
0.480241
0.501332
0.373412
0.410893
0.612261
0.379219
0.337432
0.425848
0.405298
0.677853
0.431513
0.48123
0.334944
0.599362
0.433212
0.48534
0.692191
0.5676
0.476998
0.400706
0.637045
0.36159
0.38045
0.429686
0.426025
0.434124
0.636056
0.294643
0.497055
0.473231
0.335464
0.318375
0.412848
0.394826
0.461529
0.673686
0.471112
0.658238
0.429906
0.678205
0.267108
0.275162
0.685985
0.467275
0.670375
0.684677
0.469128
0.591773
0.667254
0.680413
0.676695
0.412369
0.487225
0.696661
0.477479
0.455028
0.643277
0.64683
0.474267
0.667945
0.682198
0.672446
0.293549
0.342232
0.420158
0.505832
0.417363
0.458268
0.603986
0.664552
0.613968
0.647181
0.691383
0.581948
0.59209
0.391399
0.440144
0.575052
0.427242
0.491884
0.369459
0.391
0.347878
0.362204
0.443445
0.456764
0.299321
0.469764
0.429399
0.382185
0.288402
0.694935
0.286592
0.324243
0.344596
0.516927
0.454638
0.477679
0.536997
0.668655
0.628356
0.475916
0.486009
0.462894
0.337715
0.53379
0.519695
0.579948
0.697615
0.447719
0.642416
0.691953
0.390279
0.35134
0.684396
0.489294
0.510631
0.311956
0.549562
0.469967
0.341464
0.34581
0.435029
0.582146
0.640447
0.399267
0.43056
0.519816
0.658832
0.540636
0.672736
0.452023
0.34808
0.473592
0.368349
0.671236
0.38246
0.381194
0.3439
0.61636
0.601034
0.44619
0.454126
0.508103
0.272238
0.607901
0.530675
0.6016
0.286842
0.562859
0.435946
0.298346
0.272711
0.319641
0.606578
0.641195
0.415454
0.465789
0.43922
0.450594
0.387392
0.302097
0.498015
0.281987
0.496823
0.499642
0.649407
0.403646
0.312921
0.440225
0.537236
0.584088
0.417594
0.498792
0.45394
0.418497
0.494208
0.525358
0.42258
0.509171
0.560526
0.551685
0.583127
0.560234
0.420659
0.626916
0.376759
0.314014
0.394333
0.345472
0.635961
0.656144
0.676213
0.594715
0.641626
0.309073
0.511625
0.570311
0.401712
0.396474
0.44799
0.572058
0.501019
0.622959
0.362166
0.355937
0.643443
0.3422
0.478742
0.536133
0.291955
0.360879
0.45356
0.547825
0.483652
0.295633
0.512021
0.574331
0.461188
0.682651
0.559869
0.699298
0.357813
0.331107
0.624254
0.340464
0.403683
0.552874
0.479135
0.424449
0.625885
0.605258
0.320099
0.620065
0.377428
0.527575
0.653627
0.400499
0.361836
0.650749
0.482163
0.44311
0.47229
0.503385
0.311349
0.671337
0.396499
0.657468
0.464613
0.698526
0.395389
0.479162
0.285218
0.590676
0.683991
0.674258
0.682793
0.3197
0.423669
0.694295
0.320752
0.676671
0.346257
0.371403
0.552621
0.65216
0.632353
0.681395
0.465926
0.317653
0.626064
0.570019
0.575852
0.433712
0.623722
0.498038
0.428631
0.501848
0.541543
0.684484
0.219349
0.430945
0.242843
0.358402
0.293538
0.544862
0.323055
0.313024
0.546925
0.540552
0.695043
0.523288
0.417087
0.334825
0.416383
0.659215
0.320944
0.40818
0.411134
0.573308
0.549646
0.662221
0.532891
0.432578
0.41258
0.467396
0.506308
0.536068
0.54599
0.511972
0.303306
0.422963
0.679289
0.675876
0.554696
0.662227
0.486581
0.642158
0.623294
0.267259
0.696455
0.41175
0.33081
0.521365
0.310047
0.482567
0.3297
0.431642
0.301887
0.290713
0.696757
0.679848
0.434387
0.435832
0.545566
0.517007
0.442235
0.484088
0.376663
0.319714
0.306843
0.435199
0.294281
0.525548
0.286911
0.560178
0.451161
0.349475
0.281775
0.475369
0.56334
0.342572
0.338501
0.49777
0.506031
0.426106
0.641457
0.547995
0.507103
0.432352
0.381089
0.640118
0.59133
0.487198
0.648994
0.477843
0.522392
0.652343
0.550417
0.564572
0.506731
0.41959
0.38981
0.604039
0.532379
0.695225
0.476209
0.344784
0.417934
0.424654
0.313748
0.457984
0.431752
0.378475
0.555098
0.41959
0.630424
0.381034
0.32297
0.678881
0.469568
0.250274
0.595836
0.562031
0.275198
0.370383
0.441431
0.607222
0.558676
0.543643
0.436425
0.417842
0.205432
0.408012
0.517041
0.434075
0.371024
0.460844
0.469691
0.45207
0.429451
0.456228
0.517747
0.295013
0.666458
0.560394
0.672231
0.439266
0.500687
0.580316
0.443976
0.326399
0.475584
0.427606
0.687177
0.58693
0.467149
0.688965
0.538422
0.465215
0.57356
0.479937
0.36384
0.487242
0.565999
0.309589
0.332082
0.442911
0.599536
0.668056
0.544488
0.446294
0.253732
0.474141
0.579665
0.632935
0.477262
0.528365
0.675916
0.37579
0.450334
0.540284
0.642501
0.562532
0.484023
0.42217
0.561808
0.65689
0.587129
0.337792
0.441101
0.637269
0.386015
0.400817
0.612175
0.68282
0.662774
0.567452
0.63049
0.563311
0.447369
0.390076
0.338245
0.411502
0.490692
0.478464
0.621014
0.496248
0.479936
0.5476
0.356473
0.344645
0.568568
0.370439
0.349838
0.40312
0.477924
0.689589
0.650354
0.518505
0.374318
0.368245
0.679246
0.451903
0.39167
0.679736
0.526986
0.471868
0.4752
0.671398
0.672508
0.64901
0.623147
0.393074
0.514927
0.545614
0.699571
0.258085
0.277087
0.657052
0.473816
0.604804
0.543425
0.389917
0.632791
0.371365
0.34117
0.442647
0.548602
0.410333
0.535619
0.356083
0.461157
0.413383
0.629785
0.30368
0.431136
0.423622
0.6398
0.674988
0.396028
0.383117
0.655475
0.467117
0.604411
0.66426
0.634141
0.68338
0.553457
0.429753
0.370438
0.40747
0.532183
0.626152
0.563985
0.57871
0.675792
0.64012
0.656672
0.518557
0.59078
0.438087
0.42876
0.557644
0.511697
0.565253
0.628786
0.646811
0.650585
0.572541
0.393384
0.622292
0.434084
0.425417
0.505975
0.667203
0.633577
0.389486
0.522985
0.529521
0.437631
0.545144
0.569174
0.492224
0.41213
0.659102
0.687216
0.622702
0.51781
0.453607
0.339038
0.382397
0.653741
0.548995
0.351054
0.41685
0.583047
0.590708
0.628214
