0.674084
0.676817
0.610965
0.620489
0.670567
0.698878
0.612293
0.673164
0.662872
0.686828
0.675476
0.688487
0.677698
0.657091
0.65146
0.633512
0.693646
0.667782
0.665693
0.65906
0.59755
0.67451
0.694534
0.570882
0.594008
0.657683
0.567281
0.621231
0.689262
0.690866
0.643437
0.609206
0.696454
0.67082
0.680338
0.612814
0.544692
0.656937
0.527481
0.670434
0.644155
0.690627
0.68642
0.674704
0.65582
0.575632
0.695315
0.650776
0.656626
0.603435
0.533974
0.646116
0.6179
0.630595
0.646246
0.666637
0.65768
0.612037
0.619111
0.614335
0.502324
0.580923
0.659441
0.696238
0.676203
0.692682
0.690405
0.688039
0.592621
0.433916
0.507732
0.692299
0.517823
0.660401
0.635448
0.461144
0.603774
0.609963
0.611376
0.695984
0.60672
0.697159
0.531886
0.67648
0.680849
0.634411
0.698874
0.662002
0.684096
0.645357
0.667589
0.677426
0.6473
0.696795
0.698009
0.535655
0.668245
0.620691
0.695336
0.697402
0.686262
0.60822
0.694864
0.660532
0.641669
0.589139
0.69847
0.623289
0.598444
0.697676
0.522927
0.683126
0.662962
0.614331
0.64487
0.658331
0.686628
0.646903
0.628086
0.610096
0.682481
0.668297
0.664936
0.621383
0.674091
0.531422
0.631283
0.697746
0.477007
0.688816
0.659209
0.50399
0.685569
0.691204
0.635553
0.63425
0.657014
0.684336
0.608736
0.668015
0.664636
0.690879
0.668352
0.631768
0.674808
0.640867
0.689847
0.343625
0.642992
0.631144
0.637529
0.53763
0.656492
0.674736
0.632787
0.659097
0.630394
0.67396
0.6625
0.677931
0.657844
0.657348
0.679402
0.684681
0.669188
