166
196.2 837.651 924.344 1054.31 
72.5933 1500.21 839.414 1472.96 
490.535 1158.2 843.171 1522.84 
274.433 911.923 929.622 1162.74 
603.4 1196.44 948.729 1611.94 
297.012 1666.43 655.622 1656.12 
468.281 935.689 1158.82 1235.41 
171.366 708.183 1080.72 886.565 
1162.48 585.648 662.043 821.92 
604.517 969.612 1305.23 1314.93 
668.89 1326.95 632.094 1588.51 
670.912 1105.52 1178.33 1517.03 
324.546 1261.03 492.541 1594.84 
642.356 1277.47 804.246 1090.86 
1301.9 1196.19 1291.99 1347.42 
149.301 705.463 1055.08 880.092 
265.844 1693.59 655.622 1656.12 
222.094 838.861 924.141 1158.79 
613.788 1123.32 1180.06 1411.47 
768.605 1353.42 889.631 1041.68 
1061.35 935.403 64.7603 906.289 
762.865 396.982 635.956 1030.54 
676.083 1111.76 1180.93 1528.05 
612.846 856.402 900.151 1418.12 
145.013 869.6 786.358 1096.57 
619.359 1269.86 804.246 1090.86 
285.056 1302.34 401.566 1631.99 
287.757 1492.27 1163.77 1578.29 
86.8072 865.456 755.996 1069.08 
368.092 923.931 1036.82 1197.33 
809.032 1382.21 628.13 1585.88 
141.803 1372.02 145.101 1660.11 
524.973 1611.88 1045.5 1693.04 
202.22 899.39 851.493 1131.99 
160.481 1303.15 1311.85 546.071 
367.079 919.968 1037.06 1191.59 
886.709 940.979 804.246 1090.86 
892.989 934.418 804.246 1090.86 
814.479 1563.66 301.55 1655.45 
929.408 1142.51 568.571 797.211 
403.318 1101.3 812.6 1427.47 
207.902 735.263 1084.92 928.198 
185.004 1620.52 23.922 1093.38 
368.092 923.931 1036.82 1197.33 
504.768 1354.37 1329.62 1154.37 
1120.52 404.132 382.498 355.086 
226.435 1616.32 1155.1 1630.1 
669.085 1285.91 804.246 1090.86 
865.071 1402.02 562.988 1446.98 
1176.49 664.732 1191.63 1242.06 
1213.76 689.044 448.265 1331.53 
177.833 837.299 901.098 1050.59 
571.145 1166.67 939.215 1561.51 
69.3677 1359.06 101.778 1628.49 
708.318 1098.56 1252.95 1523.42 
367.838 1041.45 68.789 1098.04 
339.667 883.624 875.39 1357.72 
155.236 832.364 881.433 1042.31 
686.891 1291.8 804.246 1090.86 
670.81 1081.39 1211.21 1484.04 
154.082 728.27 1069 903.723 
686.891 1291.8 804.246 1090.86 
492.586 685.353 465.025 1441.96 
273.107 1351.97 308.657 1684.07 
1169.42 1530.09 889.872 1565.91 
328.008 1350.42 379.64 1702.59 
1251.62 465.831 1317.58 646.573 
599.332 981.25 816.855 420.543 
854.265 1210.91 1085.32 1410.49 
114.615 1170.86 387.476 1429.45 
328.143 1335.94 387.328 1683.45 
192.706 701.992 1119.6 881.177 
793.645 1363.23 23.922 1093.38 
831.402 752.719 195.741 1649.37 
790.533 1009.54 1091.21 1570.3 
526.341 1073.18 338.973 756.975 
158.684 828.964 562.988 1446.98 
648.346 1320.82 804.246 1090.86 
58.0973 1424.97 139.966 1379.97 
930.981 840.472 762.596 1388.22 
249.996 1181.35 521.425 1479.46 
162.139 1150.4 30.493 1096.4 
815.213 1174.72 1285.65 1670.17 
368.607 1175.59 676.086 1508.09 
569.529 1590.59 396.849 418.714 
628.583 1328.05 804.246 1090.86 
382.303 1561.32 991.738 1690.95 
648.785 646.519 338.789 562.227 
187.2 1677.74 1168.65 1641.17 
593.265 1260.27 804.246 1090.86 
150.097 1705.57 1155.1 1630.1 
288.475 883.294 983.605 1128.61 
336.46 1014.69 524.385 1263.47 
233.882 917.11 865.19 1158.14 
643.138 1060.8 321.925 558.736 
879.443 906.446 207.127 1015.87 
8.83954 1529.78 804.246 1090.86 
58.0973 1424.97 139.966 1379.97 
138.581 1532.83 698.226 1532.81 
200.642 990.564 722.795 1241.59 
659.962 1282.8 804.246 1090.86 
844.182 1617.57 949.151 1618.07 
459.204 585.6 1085.32 1410.49 
938.189 713.863 1110.67 697.314 
52.6678 489.713 1209.26 933.322 
292.339 1090.03 207.554 1114.81 
261.337 1692.78 1020.24 1512.67 
914.007 894.829 834.831 1458.37 
126.215 1660.17 142.189 979.806 
329.848 1223.04 557.127 1552.95 
1213.3 1163.54 968.743 1093.68 
592.192 718.328 1202.69 1085.94 
737.082 993.658 1277.54 1265.57 
855.859 543.279 562.988 1446.98 
773.298 675.233 135.714 1243.39 
486.273 1302.3 1001.94 1587.09 
139.925 1514.89 737.87 413.639 
738.653 1321.52 431.029 1595.88 
543.194 1082.55 589.641 1388.38 
1021.13 1172.02 641.625 1066.61 
14.397 590.546 283.875 1703.79 
421.92 896.948 930.308 1351.34 
207.392 839.637 936.946 1057.25 
545.637 742.302 874.246 1250.43 
271.416 1626.02 1222.81 1656.16 
332.418 1515.06 154.144 1463.36 
295.243 1434.69 40.3153 1635.72 
1257.54 1286.63 1238.14 1009.15 
630.241 1272.98 804.246 1090.86 
369.075 516.707 987.377 617.51 
913.978 906.433 631.244 1417.93 
697.629 1295.32 804.246 1090.86 
809.603 1162.38 1298.13 1652.22 
261.337 1692.78 856.358 1552.9 
533.44 1502.33 319.979 1675.83 
833.384 696.477 92.2272 405.453 
647.285 839.124 981.553 802.94 
701.395 972.697 43.0172 990.233 
871.974 954.891 431.029 1595.88 
598.469 681.606 686.162 1240.53 
237.468 911.39 604.307 1483.91 
708.515 1611.55 242.5 1321.64 
630.241 1272.98 804.246 1090.86 
1141.88 443.325 1167.17 894.76 
769.321 1138.65 1283.11 1603 
29.1105 1073 903.763 608.721 
1162.2 1139.98 1340.5 587.357 
759.938 1011.51 1010.84 900.477 
143.514 1340.66 199.192 1630.21 
640.236 1527.94 1351.83 804.653 
942.207 1229.58 1191.69 1506.13 
669.085 1285.91 804.246 1090.86 
224.176 864.094 932.538 1093.4 
886.709 940.979 804.246 1090.86 
768.456 1246.85 698.226 1532.81 
306.745 916.706 1155.64 1273.38 
387.107 1342.07 948.126 415.52 
697.629 1295.32 804.246 1090.86 
1121.83 1483.7 23.922 1093.38 
415.53 1142.29 643.648 1031.15 
646.497 1139.97 1090.3 1554.69 
642.356 1277.47 804.246 1090.86 
908.497 1049.92 120.226 1586.53 
721.705 1577.42 577.806 1075.87 
696.291 474.568 689.483 481.011 
517.111 1054.96 1038.57 1401.99 
