43
175.235 55.5345 174.878 55.3048 
147.628 94.4477 148.022 93.6878 
55.2985 181.178 55.1526 180.951 
86.8992 249.424 126.203 106.837 
117.929 17.9056 117.972 17.9686 
153.854 103.18 155.126 101.898 
108.931 169.221 109.855 169.596 
122.155 206.254 121.965 206.326 
112.099 205.645 111.898 206.426 
64.1136 228.2 63.6367 228.161 
102.542 37.011 103.085 37.3805 
116.084 206.208 116.536 206.51 
99.5801 117.436 99.6889 117.253 
210.959 206.289 211.006 206.224 
56.1176 187.734 56.2331 187.546 
104.709 163.49 104.935 163.218 
234.006 224.381 233.188 223.843 
15.3146 194.267 15.466 194.054 
207.523 226.37 208.328 225.81 
103.509 206.959 103.716 206.695 
108.817 74.6398 108.877 76.5772 
17.8064 160.563 15.9972 160.516 
210.959 206.289 211.006 206.224 
131.374 87.6867 96.7693 116.04 
101.292 157.358 100.983 157.397 
270.697 249.322 270.773 248.566 
119.053 141.239 119.318 141.336 
124.846 16.9377 124.671 17.1147 
229.029 236.565 229.58 237.841 
112.32 170.382 113.053 170.304 
243.873 209.479 243.689 208.917 
240.658 219.069 240.369 219.094 
23.8016 61.0105 24.0677 62.756 
37.3208 15.9764 37.4242 15.6782 
122.606 13.2536 122.524 12.9346 
106.137 165.297 106.304 165.301 
147.649 80.961 147.604 81.2281 
164.809 65.1411 164.794 65.0183 
98.1242 121.966 97.1132 121.944 
107.4 159.023 107.251 159.014 
8.49045 44.5901 8.61229 44.6583 
154.557 65.8791 154.751 65.9747 
147.46 72.9132 148.121 73.2639 
