585
495.227 26.1215 981.971 281.095 
544.927 114.419 1136.06 930.434 
418.848 255.065 242.882 689.268 
398.966 295.02 1042.84 198.034 
571.984 393.196 1171.66 237.635 
454.523 451.357 455.403 430.46 
808.911 469.624 270.495 491.327 
437.02 470.578 29.934 483.129 
514.453 470.401 270.495 491.327 
735.928 472.019 1091.58 669.673 
485.319 489.435 255.343 680.407 
636.566 492.416 1098.66 631.553 
322.035 493.82 1136.06 930.434 
804.628 504.186 1158.13 676.148 
325.126 515.513 1148.45 215.093 
317.35 591.134 1026.24 8.11074 
283.482 591.942 988.998 11.8166 
349.357 593.224 1062.19 7.51301 
357.693 593.082 1071.69 6.43597 
808.64 595.089 1170.15 101.591 
771.906 596.05 1170.15 101.591 
277.8 596.513 982.931 17.9184 
332.473 598.701 1043.43 15.2707 
332.473 598.701 1043.43 15.2707 
279.105 599.063 984.655 20.1826 
426.089 600.034 1150.6 7.99458 
437.698 600.685 1164.66 7.31455 
369.559 601.395 1084.88 14.8483 
369.559 601.395 1084.88 14.8483 
328.167 602.294 1038.43 19.4817 
338.223 602.431 1049.44 18.7297 
500.366 602.454 1170.15 101.591 
273.689 602.843 978.756 24.957 
419.623 603.048 1142.36 12.2037 
323.8 605.636 1033.85 23.5016 
403.108 606.318 1123.68 17.4433 
338.169 609.209 1049.83 26.4319 
417.396 609.46 1140.18 19.9365 
358.088 609.88 1071.92 25.731 
358.088 609.88 1025.48 30.2591 
316.316 610.923 1025.48 30.2591 
307.994 611.495 1016.37 31.2765 
307.994 611.495 1016.37 31.2765 
364.267 612.471 1078.95 28.065 
348.423 612.955 1061.3 29.8454 
414.701 613.764 1136.94 25.0737 
405.846 619.149 1126.54 31.9023 
418.032 620.122 1140.44 31.5737 
418.032 620.122 1140.44 31.5737 
483.18 621.585 1168.41 32.9283 
410.716 622.036 1132.02 34.886 
410.716 622.036 1132.02 34.886 
350.296 622.902 1063.18 40.7043 
452.389 622.908 1181.18 31.8851 
316.376 623.699 1025.4 43.9405 
369.475 624.157 1084.4 40.3829 
367.802 626.213 1082.71 43.0134 
483.448 626.509 1005.18 65.17 
331.261 627.193 1042.29 46.8978 
386.314 626.793 1010.16 50.5059 
322.953 628.363 1033.57 49.1589 
372.348 629.255 1087.87 46.2047 
439.966 632.461 366.022 487.09 
315.89 633.106 1025.15 54.5853 
392.977 632.841 1111.13 48.7513 
419.182 633.664 1141.64 47.5995 
333.464 635.963 1044.32 56.7535 
248.579 638.982 953.039 65.6991 
403.819 639.631 1122.85 56.3463 
245.923 642.205 949.517 70.1088 
307.644 642.12 1016.21 64.9328 
372.595 642.205 1087.39 60.6705 
385.816 641.949 1055.05 63.5855 
303.844 642.571 1012.17 66.0317 
300.764 644.057 1008.71 67.5591 
401.098 649.636 1120.7 65.9369 
401.098 649.636 1120.7 65.9369 
451.648 651.632 1178.96 65.6479 
349.99 651.874 1062.72 73.0003 
380.042 653.03 1052.96 89.4512 
273.22 653.407 979.333 79.6363 
347.551 653.419 966.147 82.1644 
347.551 653.419 1059.95 74.622 
359.923 654.974 1074.45 75.6067 
276.762 655.571 982.94 81.8763 
369.999 655.341 1085.09 75.391 
408.657 660.509 1111.16 109.595 
832.616 665.061 1153.99 113.318 
697.721 666.107 1126.43 164.79 
401.161 666.879 1102.73 116.502 
672.518 667.065 1186.25 134.451 
347.952 669.419 1060.9 91.8325 
303.173 669.854 1011.44 95.5503 
296.79 670.459 981.826 98.4066 
359.566 670.339 1073.18 92.7417 
226.509 671.161 930.672 101.034 
551.18 671.48 1141.17 146.375 
526.608 673.009 1170.74 123.057 
670.81 673.521 1186.67 143.928 
534.563 674.995 1123.96 155.342 
781.044 675.083 1100.61 182.467 
537.793 678.272 1156.29 142.059 
524.455 679.125 1141.17 146.375 
220.726 680.003 1099.3 97.8956 
499.696 680.922 1170.74 123.057 
302.61 681.503 1011.19 107.52 
298.466 682.417 1007.18 109.177 
498.637 683.789 1170.42 126.773 
498.637 683.789 1170.42 126.773 
367.815 688.137 1081.86 111.645 
223.799 689.114 928.038 120.48 
371.944 691.324 1086.95 115.018 
374.054 693.093 1089.02 117.078 
386.702 692.783 1102.73 116.502 
364.849 695.102 1079.07 119.041 
222.276 697.503 926.503 129.149 
489.808 700.641 1162.49 147.462 
365.918 701.073 1079.63 126.205 
346.897 703.31 1058.86 129.45 
446.061 708.283 1141.17 146.375 
399.81 709.529 1117.45 133.453 
244.87 710.428 950.389 141.705 
430.523 715.686 1151.48 138.855 
421.26 721.765 1141.17 146.375 
440.484 723.255 1162.49 147.462 
435.983 725.063 1186.25 134.451 
443.066 730.333 1182.02 146.301 
997.095 730.46 1136.06 930.434 
397.331 732.952 1113.8 159.365 
327.06 733.486 1036.89 162.584 
338.13 734.008 1049.23 162.487 
362.133 734.002 1074.4 162.257 
334.64 735.211 1045.43 163.88 
397.233 736.165 1141.17 146.375 
250.733 736.383 957.122 168.371 
416.475 736.816 1162.49 147.462 
346.743 737.31 1058.11 165.952 
255.419 739.288 961.802 171.207 
391.441 739.027 1107.39 166.344 
269.238 739.884 976.351 171.144 
177.718 742.518 802.371 302.361 
256.533 743.074 962.819 175.077 
249.681 749.02 955.381 182.111 
776.393 748.965 1136.06 930.434 
776.393 748.965 1136.06 930.434 
260.932 753.406 967.791 185.534 
351.503 756.061 1063.55 185.915 
254.357 758.834 960.244 191.636 
377.827 763.613 1170.56 143.14 
372.884 766.016 1086.29 196.246 
177.44 767.267 885.582 203.105 
316.321 767.51 1136.06 930.434 
316.321 767.51 1136.06 930.434 
344.94 767.519 1056.52 197.655 
293.941 768.792 1001.9 200.925 
293.941 768.792 1001.9 200.925 
504.979 776.86 1160.92 211.163 
907.039 777.975 1038.63 285.91 
689.685 782.515 1136.06 930.434 
441.039 795.761 1177.93 227.29 
441.039 795.761 1177.93 227.29 
336.149 801.562 1170.56 143.14 
291.022 802.403 999.048 235.951 
331.109 804.036 1039.99 236.874 
437.661 806.277 1174.66 239.222 
437.661 806.277 1174.66 239.222 
280.436 810.278 988.169 244.17 
320.064 813.054 1025.31 252.716 
237.042 815.681 946.382 250.729 
404.952 816.228 1136.61 251.136 
231.261 817.078 940.836 252.114 
315.44 820.82 1025.31 252.716 
318.611 820.771 1025.98 256.548 
318.611 820.771 1025.98 256.548 
140.458 822.808 850.164 259.93 
239.474 826.527 951.574 261.815 
949.152 829.01 878.041 168.037 
382.062 836.546 1113.46 271.118 
465.947 837.388 1186.35 280.028 
394.495 838.613 1125.23 273.735 
454.987 841.962 1174.18 284.935 
448.889 844.588 1186.35 280.028 
202.07 845.576 908.095 281.142 
343.983 852.564 1071.19 288.539 
201.148 853.427 907.558 289.13 
209.491 859.132 916.381 294.494 
209.491 859.132 916.381 294.494 
92.9586 865.764 802.371 302.361 
93.6666 875.082 804.509 311.047 
93.6666 875.082 804.509 311.047 
142.02 884.674 981.837 252.672 
192.307 889.786 904.535 325.404 
197.892 891.708 909.742 292.457 
329.423 902.222 1056.44 338.958 
309.34 908.539 1035.22 345.51 
359.566 913.973 1102.16 339.117 
208.075 916.008 57.6279 497.621 
1036.66 919.86 878.041 168.037 
1176.04 925.127 1190.88 515.62 
223.395 925.811 1007.61 226.509 
239.195 926.929 944.43 362.223 
1179.34 928.217 1190.88 515.62 
1093.59 929.547 289.83 676.188 
300.163 936.814 1025.67 374.006 
988.92 943.226 1132.85 366.692 
400.424 164.681 1178.96 65.6479 
464.641 370.283 1136.06 930.434 
464.641 370.283 1136.06 930.434 
268.47 465.491 726.441 634.992 
725.431 470.237 21.6272 483.136 
269.149 471.839 1038.83 683.011 
872.494 479.276 1154.45 656.169 
872.494 479.276 1154.45 656.169 
917.324 527.783 357.221 496.696 
767.129 589.244 1044.32 56.7535 
277.852 589.886 983.624 10.0136 
685.78 591.414 1165.7 96.7114 
380.502 592.132 1097.62 3.22196 
339.545 592.849 1050.88 7.84324 
298.887 593.285 1005.91 11.9808 
390.076 593.428 1016.31 12.5792 
308.076 594.581 1016.31 12.5792 
490.632 596.002 1165.7 96.7114 
344.975 597.217 1058.98 10.5762 
735.141 597.229 1170.15 101.591 
369.509 597.966 1084.47 10.6057 
286.508 599.04 992.898 19.5331 
327.816 598.792 1037.97 15.2788 
369.754 604.927 1085.08 18.846 
286.747 606.179 992.718 27.5155 
291.589 606.912 998.319 27.3399 
291.589 606.912 998.319 27.3399 
383.027 607.182 1100.59 20.348 
420.754 609.011 1144.03 18.7123 
368.565 609.999 1083.5 24.9512 
381.466 610.056 1099.48 23.5224 
361.342 610.962 1076.02 25.9818 
361.342 610.962 1076.02 25.9818 
386.613 613.508 1104.8 26.9661 
369.59 615.381 1084.91 30.647 
417.281 615.521 1139.79 26.9644 
305.797 617.986 1014.21 38.3946 
414.17 620.46 1136 32.7305 
694.789 620.398 1165.7 96.7114 
444.292 620.798 1172.49 31.1312 
347.312 621.478 1106.41 35.7081 
347.312 621.478 1106.41 35.7081 
441.867 622.858 1168.41 32.9283 
338.895 623.563 1050.45 42.3966 
425.086 624.002 1148.97 36.1371 
457.516 626.091 1186.99 35.5531 
406.365 626.593 1126.12 40.2241 
406.365 626.593 1126.12 40.2241 
321.281 636.499 1031.15 57.9655 
378.886 637.586 1095.15 55.019 
410.56 639.037 1131.93 53.7397 
293.439 639.528 1095.15 55.019 
364.992 639.594 1079.42 58.2007 
349.854 639.828 1062.68 59.4361 
349.854 639.828 1062.68 59.4361 
367.213 642.147 1081.96 60.9894 
324.605 642.953 1034.68 64.8588 
342.509 642.879 1055.05 63.5855 
342.509 642.879 1055.05 63.5855 
255.708 644.268 960.655 70.5984 
407.898 643.985 1128.1 60.2852 
387.2 650.369 1104.19 68.822 
365.385 651.139 1079.76 70.8391 
376.347 650.977 1092.27 69.9473 
376.347 650.977 1092.27 69.9473 
328.052 652.86 1038.49 75.3566 
827.692 652.907 1136.11 108.22 
768.635 653.728 1180.69 105.201 
252.317 654.472 957.472 82.0545 
735.218 654.507 1179.95 113.158 
261.073 654.975 966.147 82.1644 
308.84 654.921 1017.38 79.3465 
239.22 656.73 943.485 84.9999 
392.589 658.288 1110.1 77.4116 
361.921 658.959 1076.07 79.55 
375.767 658.763 1091.31 78.7737 
797.585 659.376 1180.69 105.201 
362.18 662.68 1076.13 84.1681 
402.424 664.536 1102.73 116.502 
230.084 665.921 934.038 95.5795 
359.029 667.271 1072.64 89.312 
377.362 667.637 1093.14 88.5943 
377.362 667.637 1093.14 88.5943 
438.229 669.045 1162.49 86.4529 
294.533 669.303 1002.73 95.3717 
239.845 670.279 944.483 99.5081 
245.817 670.522 1093.14 88.5943 
245.817 670.522 950.742 99.4826 
245.817 670.522 950.742 99.4826 
382.548 676.466 1099.3 97.8956 
529.536 676.644 1175.76 127.424 
529.536 676.644 1175.76 127.424 
346.844 678.085 1059.47 101.587 
403.495 679.34 1121.54 98.8379 
372.34 680.761 1087.44 103.093 
502.982 684.941 1175.76 127.424 
502.982 684.941 1175.76 127.424 
299.158 685.71 1007.5 112.68 
227.164 688.3 932.044 119.296 
437.169 689.885 1160.77 110.053 
493.489 691.844 1165.81 136.327 
363.219 692.284 1077.06 116.344 
425.861 695.342 1117.45 133.453 
410.86 702.993 1160.77 110.053 
215.693 704.009 922.049 136.383 
442.801 713.516 1165.81 136.327 
390.057 714.658 1106.41 139.787 
403.847 716.139 1121.61 140.503 
405.32 721.867 1123.4 147.147 
370.86 722.374 1085.31 150.076 
406.114 729.366 1097.5 173.416 
401.584 732.825 1175.76 127.424 
391.716 732.927 1108.12 159.839 
378.586 735.081 1120.58 144.564 
382.829 745.514 1097.56 173.433 
246.477 747.072 952.678 179.523 
261.28 747.206 967.938 179.132 
357.596 754.237 1070.07 183.712 
660.129 757.155 1125.96 290.821 
360.091 762.632 1072.34 192.418 
277.155 792.185 983.073 225.907 
301.316 801.902 1009.46 235.243 
146.527 803.097 852.294 240.308 
418.691 803.077 1153.76 235.803 
443.225 803.133 1181.3 235.443 
308.201 804.194 1016.53 237.537 
434.795 804.875 1171.66 237.635 
434.795 804.875 1171.66 237.635 
232.128 822.952 941.428 258.312 
420.103 827.311 1153.93 261.669 
224.11 829.626 935.933 265.104 
214.014 847.915 919.939 283.459 
184.688 852.379 891.439 288.599 
193.948 852.512 900.084 288.413 
398.06 852.515 1111.87 301.146 
347.078 853.517 1075.02 289.643 
666.759 857.079 1187.95 286.91 
203.541 859.871 910.592 295.447 
203.541 859.871 910.592 295.447 
672.291 864.068 1162.32 303.137 
98.2944 874.961 809.777 310.985 
333.16 877.843 1059.68 314.331 
399.64 879.098 1102.16 339.117 
399.64 879.098 1102.16 339.117 
191.362 886.575 903.588 322.25 
363.341 891.363 1092.37 329.053 
184.037 892.307 896.512 327.844 
377.2 894.099 1080.8 357.16 
364.311 906.338 1069.69 371.121 
179.333 924.547 875.842 325.284 
1039.93 924.527 332.623 655.762 
130.04 929.028 451.845 518.315 
141.749 929.366 850.102 363.426 
169.806 935.421 880.503 369.812 
161.26 940.626 872.168 374.559 
287.97 950.418 1013.36 387.558 
451.03 106.07 654.688 393.293 
403.127 271.162 1102.18 654.587 
376.183 461.233 283.619 677.015 
808.582 504.51 523.316 478.364 
387.489 590.972 1013.44 10.0936 
327.873 594.086 1084.44 5.23104 
286.692 594.655 993.341 14.5071 
422.746 604.724 1146.19 14.0571 
374.616 606.27 1090.83 19.9687 
365.602 607.862 1080.46 22.3701 
365.602 607.862 1080.46 22.3701 
320.393 611.645 1029.96 30.4367 
390.072 616.119 1109.29 29.5322 
388.181 621.617 1106.41 35.7081 
388.181 621.617 1106.41 35.7081 
369.798 622.328 1085.18 38.2019 
323.594 625.17 1033.56 44.8418 
411.18 625.638 1132.34 38.7393 
452.765 626.388 1181.14 36.2195 
297.09 628.356 1097.9 42.8363 
297.09 628.356 1004.87 50.4513 
367.585 631.891 1082.44 49.3539 
497.048 633.296 1184.11 45.3149 
455.399 633.93 1184.11 45.3149 
368.999 636.573 1083.81 54.5917 
451.887 637.065 1179.76 48.846 
392.369 638.643 1110.32 54.9385 
359.282 638.927 1073.22 57.7979 
359.282 638.927 1073.22 57.7979 
443.655 639.24 1170.11 51.8772 
443.655 639.24 1170.11 51.8772 
420.186 640.467 1142.1 55.3411 
420.186 640.467 1142.1 55.3411 
455.005 640.343 1184.34 52.1498 
331.38 642.889 1042.7 64.0116 
399.485 645.484 1118.98 61.9102 
365.71 646.374 985.141 74.024 
341.06 646.898 1052.78 67.9171 
279.458 648.355 985.141 74.024 
322.613 652.074 1032.26 74.7535 
367.688 665.928 1082.42 87.058 
472.951 672.25 1170.15 101.591 
332.645 674.567 1044.08 98.709 
358.598 677.809 1072.24 100.927 
335.65 678.36 1046.84 102.695 
330.089 678.878 1041.36 103.718 
445.388 682.997 1170.15 101.591 
520.121 682.793 1137.66 151.893 
229.392 684.176 933.369 114.798 
509.291 685.808 1183.63 127.298 
371.285 687.298 1086.02 110.28 
221.364 692.516 925.974 124.038 
418.539 695.416 1170.15 101.591 
483.574 695.696 1183.63 127.298 
427.705 698.462 1180.69 105.201 
457.543 706.027 1183.63 127.298 
394.382 706.51 1111.6 130.496 
364.161 710.447 1077.91 135.75 
374.566 723.744 1089.2 150.256 
424.154 731.946 1118.49 173.432 
351.704 762.814 1063.79 192.944 
362.21 765.282 1074.86 195.364 
329.397 772.423 963.933 335.686 
345.15 798.494 1055.69 231.181 
150.937 801.557 857.044 238.279 
414.545 806.552 1148.93 239.356 
246.52 810.281 968.298 240.754 
436.797 854.062 1172.98 290.275 
436.797 854.062 1172.98 290.275 
288.928 872.167 995.677 308.054 
388.634 886.048 1091.74 347.67 
197.159 895.669 909.403 331.148 
374.637 897.487 1103.95 334.299 
227.438 931.056 1010.65 231.406 
312.553 933.467 1038.87 370.491 
225.353 934.97 1009.46 235.243 
296.239 593.856 1003.32 12.6692 
317.866 596.944 1027.33 13.9622 
317.866 596.944 1027.33 13.9622 
415.953 600.178 1139 9.14871 
415.953 600.178 1139 9.14871 
340.731 601.836 1052.69 17.7635 
340.731 601.836 1052.69 17.7635 
317.658 607.759 1027.25 25.8642 
359.593 606.102 1074.11 20.4675 
276.113 607.597 981.926 28.8942 
446.212 608.638 1174.4 16.2605 
444.348 616.124 1171.77 25.3123 
361.313 616.707 1076.05 32.8487 
390.997 624.865 1109.32 39.74 
402.063 625.408 1122.08 39.3745 
474.283 624.784 1027.25 25.8642 
474.283 624.784 1027.25 25.8642 
359.715 625.794 1074.07 43.1562 
359.715 625.794 1074.07 43.1562 
396.359 625.385 1115.48 39.6228 
311.927 630.255 1020.9 51.8292 
354.527 629.841 1067.9 47.6626 
354.59 635.782 1067.87 54.7021 
311.891 636.506 1067.87 54.7021 
323.869 657.216 1034.03 80.2179 
378.007 663.052 1094.28 83.1483 
385.099 662.642 1101.84 82.4636 
312.22 664.98 1021.16 89.4136 
441.161 678.084 1165.7 96.7114 
441.161 678.084 1165.7 96.7114 
352.997 679.248 1065.78 102.947 
361.291 715.339 1074.48 141.783 
343.345 733.272 1054.88 161.521 
367.005 735.813 1080.64 163.548 
388.246 743.598 1104.13 171.381 
393.671 747.876 1082.68 192.54 
315.016 782.309 1024.29 214.418 
349.715 782.36 1082.68 192.54 
306.141 791.406 1014.81 224.134 
305.333 800.071 1013.53 233.077 
327.761 807.7 1037.31 240.739 
429.229 817.78 1164.59 251.441 
429.229 817.78 1164.59 251.441 
393.857 843.867 1124.91 278.951 
287.933 846.418 1068.15 153.013 
381.084 869.691 1112.09 306.796 
401.643 874.221 1103.95 334.299 
374.288 874.48 1103.99 311.908 
97.7063 885.124 811.473 321.979 
110.968 887.014 823.757 321.582 
184.962 922.095 893.121 357.147 
231.545 922.764 1014.81 224.134 
298.058 925.955 1023.52 362.866 
292.649 938.859 1018.66 375.423 
896.022 939.31 1066.76 388.944 
281.127 594.294 986.907 14.7542 
281.127 594.294 986.907 14.7542 
281.127 594.294 875.406 305.983 
333.645 602.388 1044 18.9553 
291.462 602.818 998.492 23.0183 
360.11 605.034 1074.11 20.4675 
290.929 609.907 998.106 31.537 
290.929 609.907 998.106 31.537 
431.425 622.535 1156.25 34.2356 
740.32 631.171 1092.22 57.1016 
251.444 643.017 956.177 69.7027 
336.401 647.386 1047.78 68.9086 
329.675 648.044 1041.38 69.4396 
355.323 654.486 1068.76 75.2011 
366.395 663.647 1080.87 84.8446 
364.673 672.729 1078.58 94.7537 
297.994 674.209 1006.13 100.324 
319.668 674.15 1030.1 98.8233 
365.291 698.012 1078.87 123.124 
411.03 698.885 1131.81 120.978 
460.997 701.174 1130.35 153.016 
406.024 710.432 1124.09 134.5 
435.768 713.595 1130.35 153.016 
348.613 726.868 1060.74 154.545 
348.613 726.868 1060.74 154.545 
362.923 758.285 1076.37 188.132 
369.511 763.119 1082.68 192.54 
136.505 811.337 842.879 248.733 
398.506 840.777 1130.13 275.771 
93.8556 878.66 805.117 315.348 
93.8556 878.66 805.117 315.348 
401.285 881.36 1118.71 329.251 
305.246 600.599 1013.55 19.2483 
320.12 602.168 1029.77 19.4716 
280.158 602.91 986.268 23.9148 
333.545 609.362 1044.8 27.0959 
291.545 633.059 998.913 56.1167 
445.93 632.782 1173.13 43.8828 
375.887 639.447 1092.22 57.1016 
290.723 641.427 997.932 65.2276 
447.8 644.792 1174.94 57.9816 
315.362 647.152 1023.74 69.6698 
315.362 647.152 1023.74 69.6698 
376.783 654.749 1092.63 74.1079 
376.783 654.749 1092.63 74.1079 
311.034 655.777 1020.06 79.3466 
333.224 655.946 1044.48 78.1544 
244.495 656.693 949.044 84.6341 
322.47 665.183 1032.67 88.904 
322.47 665.183 985.446 92.7761 
322.47 665.183 1032.67 88.904 
721.625 671.381 1153.42 155.984 
302.533 673.634 1012.43 99.0988 
325.677 673.611 1036.53 97.9161 
218.099 679.061 922.417 110.07 
803.576 684.661 1153.42 155.984 
320.111 775.167 1029.49 205.462 
415.044 810.691 1149.75 244.027 
414.305 829.906 1147.96 264.173 
407.256 836.217 1139.33 270.434 
416.524 838.768 1149.29 275.149 
398.394 849.844 1130 285.962 
176.82 864.044 884.73 299.915 
439.549 644.489 1164.65 58.5161 
401.318 682.156 1120.16 103.255 
176.669 863.814 884.73 299.915 
181.205 914.681 894.325 349.385 
329.668 616.675 1040.15 35.4554 
329.668 616.675 1040.15 35.4554 
354.536 615.552 1067.95 32.5166 
312.654 617.288 1021.57 37.024 
312.654 617.288 1021.57 37.024 
257.703 627.26 966.023 49.5166 
427.294 636.459 1151.23 50.0242 
421.919 718.274 1142.08 142.663 
421.919 718.274 1142.08 142.663 
353.818 767.161 1066.23 196.766 
194.575 864.348 901.982 299.736 
194.575 864.348 901.982 299.736 
413.275 670.713 1135.62 90.8551 
223.413 721.076 931.798 154.77 
205.692 727.197 912.747 157.024 
373.79 748.763 1087.82 177.255 
186.252 879.443 894.669 313.77 
208.144 888.803 922.05 324.405 
351.404 739.824 1063.04 168.986 
314.05 693.638 1023.17 120.756 
318.814 756.991 1028.39 190.286 
145.195 803.637 853.426 239.917 
367.956 844.721 1097.77 281.132 
216.093 848.452 932.141 284.241 
328.819 705.841 1043.22 130.707 
328.819 705.841 1043.22 130.707 
