0.605743
0.636666
0.683453
0.676378
0.643291
0.687781
0.646262
0.660947
0.633356
0.531396
0.668287
0.66895
0.417514
0.691837
0.493466
0.602707
0.339299
0.661275
0.243741
0.672468
0.445056
0.48439
0.599196
0.531609
0.545184
0.361657
0.595209
0.51766
0.573653
0.671508
0.674546
0.558754
0.389701
0.526941
0.664654
0.380631
0.526649
0.662211
0.63023
0.374619
0.399784
0.67037
0.625338
0.518772
0.573052
0.646428
0.693063
0.463702
0.46009
0.552765
0.425014
0.595561
0.634056
0.671827
0.4109
0.575065
0.57691
0.500422
0.675929
0.450126
0.555761
0.55749
0.285706
0.588066
0.599312
0.220783
0.226687
0.680815
0.553082
0.628803
0.632843
0.473639
0.559588
0.439344
0.395888
0.641378
0.381258
0.419369
0.676524
0.617685
0.474103
0.477476
0.559262
0.572547
0.63808
0.532793
0.477754
0.668568
0.505703
0.48479
0.565546
0.61443
0.23866
0.512503
0.661636
0.621617
0.482311
0.69333
0.51405
0.331688
0.535899
0.564662
0.632474
0.617993
0.630692
0.470548
0.512714
0.511967
0.694735
0.538677
0.550848
0.56396
0.682723
0.68583
0.653503
0.598267
0.501624
0.452999
0.384171
0.485221
0.580525
0.462697
0.684639
0.696948
0.611812
0.602548
0.623986
0.460075
0.31553
0.630763
0.634254
0.688633
0.558967
0.431616
0.622283
0.52178
0.455279
0.698655
0.372135
0.420937
0.698832
0.536972
0.561671
0.493753
0.633143
0.585038
0.676722
0.499114
0.599113
0.49801
0.509811
0.593649
0.557835
0.352654
0.652669
0.649451
0.699348
0.506321
0.643577
0.693746
0.552257
0.466238
0.555968
0.516941
0.678566
0.602581
0.515982
0.519755
0.651944
0.471288
0.423464
0.636136
0.640362
0.52361
0.652823
0.685013
0.347474
0.648049
0.672065
0.598583
0.614979
0.385901
0.43703
0.69465
0.534611
0.691984
0.338562
0.568053
0.606089
0.626613
0.609266
0.649419
0.340523
0.69042
0.649304
0.663412
0.669514
0.66367
0.699715
0.538366
0.543148
0.470634
0.694655
0.681758
0.544295
0.523225
0.614129
0.684871
0.519059
0.698314
0.515404
0.537038
0.694453
0.697382
0.551114
0.620175
0.626374
0.695122
0.614452
0.669296
0.653807
0.612684
0.665388
0.645678
0.457824
0.624028
0.566317
0.620548
0.433969
0.451301
0.64187
0.414002
0.661599
0.442714
0.543454
0.314732
0.550941
0.361294
0.478303
0.411457
0.457763
0.288721
0.37714
0.384658
0.450312
0.61863
0.684435
0.550742
0.669279
0.601618
0.592743
0.380231
0.520338
0.538002
0.452924
0.600881
0.428283
0.677566
0.362335
0.280522
0.394995
0.213428
0.372231
0.428162
0.423772
0.680817
0.425261
0.389369
0.288973
0.252034
0.546156
0.505356
0.581223
0.504945
0.384767
0.621975
0.440791
0.647036
0.51664
0.568286
0.532334
0.636193
0.250602
0.685851
0.470902
0.658112
0.492424
0.241553
0.684923
0.321029
0.653049
0.185032
0.489831
0.500223
0.560652
0.467232
0.531519
0.407732
0.665566
0.635583
0.456764
0.552609
0.527205
0.600619
0.618722
0.475476
0.558896
0.341145
0.402078
0.531187
0.639801
0.361099
0.589441
0.468204
0.615013
0.584663
0.402614
0.452908
0.45005
0.471868
0.671751
0.558735
0.688073
0.418318
0.645464
0.298699
0.443035
0.643297
0.627011
0.26548
0.650372
0.615565
0.652463
0.571042
0.567777
0.374488
0.520095
0.59023
0.665319
0.570357
0.640882
0.69987
0.5713
0.57453
0.631187
0.336578
0.619073
0.611357
0.662817
0.698774
0.419289
0.496074
0.587934
0.584486
0.619983
0.489134
0.58525
0.662862
0.497434
0.68152
0.599752
0.427046
0.69417
0.668322
0.661563
0.625679
0.69831
0.564477
0.559192
0.699093
0.69828
0.686857
0.677295
0.542358
0.458811
0.328255
0.462615
0.260756
0.254302
0.27392
0.629261
0.530694
0.531915
0.443613
0.551681
0.392606
0.612014
0.422576
0.646924
0.466639
0.53388
0.428664
0.6363
0.491427
0.423627
0.365534
0.297708
0.616712
0.375205
0.386185
0.193377
0.357496
0.237179
0.432324
0.683557
0.319936
0.460055
0.517183
0.620244
0.607171
0.666697
0.22118
0.677801
0.238404
0.508557
0.375042
0.42941
0.52289
0.528533
0.478426
0.501079
0.61598
0.33339
0.657122
0.56821
0.374592
0.599954
0.502226
0.652793
0.36094
0.627623
0.684414
0.20716
0.487116
0.336679
0.640281
0.458257
0.692752
0.699304
0.699747
0.549056
0.564667
0.559501
0.390169
0.532773
0.418548
0.670051
0.197952
0.280063
0.392272
0.537335
0.52
0.178195
0.173382
0.674532
0.576364
0.462353
0.689924
0.529104
0.449123
0.193269
0.411151
0.309724
0.676057
0.681322
0.471405
0.363768
0.352481
0.354104
0.354556
0.314316
0.605708
0.451984
0.369454
0.46207
0.319004
0.522554
0.66978
0.694036
0.600643
0.382846
0.426606
0.470101
0.320254
0.528414
0.572265
0.421227
0.647668
0.482756
0.597003
0.351041
0.327391
0.67383
0.625501
0.649569
0.403694
0.592746
0.602538
0.330871
0.675022
0.686389
0.625189
0.608703
0.638271
0.495083
0.340598
0.598597
0.404016
0.432471
0.523867
0.540935
0.304983
0.638364
0.461282
0.425955
0.470439
0.649963
0.693978
0.534111
0.436022
0.566451
0.271374
0.364391
0.416474
0.246137
0.507219
0.394831
0.468294
0.539765
0.179165
0.21291
0.395182
0.217835
0.578314
0.672829
0.607399
0.516881
0.620855
0.479619
0.549776
0.54874
0.607699
0.644921
0.499439
0.5736
0.549422
0.679295
0.494011
0.356185
0.243675
0.440949
0.370362
0.300703
0.285865
0.254731
0.243296
0.390037
0.238868
0.361766
0.502681
0.474835
0.458947
0.313825
0.347423
0.624541
0.47865
0.488186
0.379769
0.584435
0.5052
0.548289
0.612657
0.441944
0.280438
0.445567
0.638292
0.676258
0.651922
0.279187
0.309075
0.286121
0.314007
0.299608
0.643214
0.223397
0.672386
0.380687
0.487321
0.405571
0.682333
0.533653
0.417744
0.447602
0.481352
0.39789
0.415477
0.446474
0.567384
0.664376
0.240717
0.418485
0.571314
0.502959
0.569184
0.31994
0.530395
