204
1122.59 168.675 827.54 442.833 
1319.44 194.486 858.24 446.448 
133.865 940.684 677.006 566.906 
654.259 516.516 756.091 499.207 
268.177 941.027 697.514 566.588 
1087.44 856.308 824.905 550.691 
892.793 817.056 794.526 545.181 
1005.18 417.816 810.459 482.22 
991.77 457.752 808.552 488.584 
293.095 871.319 701.232 555.831 
282.535 781.291 699.331 541.839 
1176.63 648.481 838.162 517.645 
1265.62 317.362 850.703 465.606 
958.897 512.923 803.732 497.452 
796.386 360.31 777.443 473.962 
1381.94 393.727 868.858 477.041 
576.453 808.32 745.346 545.021 
99.1936 887.306 670.888 558.817 
1391.56 112.014 868.976 433.104 
290.464 918.32 701.05 563.016 
1255.65 176.239 848.38 443.62 
72.7937 801.209 666.951 545.619 
653.205 683.063 756.526 525.085 
1299.95 353.909 856.077 471.246 
1217.83 138.344 842.213 437.604 
1381.94 393.727 868.858 477.041 
1091.09 837.945 825.464 547.633 
913.434 137.739 794.821 438.769 
1381.94 393.727 868.858 477.041 
669.123 352.937 757.492 473.492 
656.276 473.568 756.182 492.4 
656.276 473.568 756.182 492.4 
1291.09 240.706 854.147 453.558 
167.792 961.153 682.35 570.058 
954.402 284.623 802.051 461.56 
797.603 86.9587 776.526 431.353 
159.986 79.7444 677.613 433.149 
1386.3 324.744 869.199 466.36 
1254.21 452.096 849.501 486.559 
1303.93 130.712 855.819 436.398 
602.635 658.243 748.71 521.537 
654.259 516.516 756.091 499.207 
113.663 771.031 673.145 540.919 
475.057 779.775 729.049 541.044 
667.456 138.8 756.482 440.028 
152.156 885.252 679.537 558.431 
1217.88 464.485 844.164 488.902 
703.891 706.385 764.47 528.601 
817.108 851.111 782.858 550.947 
49.5681 816.851 663.625 547.837 
1450.61 237.77 878.644 452.581 
847.58 676.414 786.865 523.148 
1153.98 172.825 832.724 443.396 
428.652 456.443 720.506 490.708 
1291.61 447.991 855.484 485.969 
1391.56 112.014 868.976 433.104 
1008.39 852.238 812.501 550.14 
1116.89 435.177 828.082 484.602 
542.421 810.188 739.982 545.462 
291.004 973.728 701.534 571.71 
633.967 508.231 752.83 497.854 
1028.84 833.435 815.936 547.289 
602.188 945.743 749.663 566.275 
138.439 63.0192 674.168 430.532 
1337.6 114.34 860.654 433.875 
164.745 695.648 680.361 528.833 
1386.21 289.569 869.105 460.76 
1266.23 282.099 850.577 459.953 
999.399 784.708 811.072 539.685 
1263.96 351.939 850.507 470.933 
972.179 636.918 806.189 516.711 
221.552 745.387 689.429 536.491 
1067.12 786.486 821.581 539.612 
167.792 961.153 682.35 570.058 
152.156 885.252 679.537 558.431 
1299.95 353.909 856.077 471.246 
1456.06 541.946 880.908 499.953 
1235.89 877.331 848.031 553.11 
1263.96 351.939 850.507 470.933 
642.386 108.691 752.558 435.282 
557.65 783.899 741.966 541.426 
892.411 201.822 791.895 448.91 
1145.96 287.783 831.912 461.38 
797.603 86.9587 776.526 431.353 
1401.65 127.391 870.628 435.623 
221.421 480.046 688.753 495.437 
845.609 157.881 784.481 442.146 
483.49 806.856 730.284 545.143 
187.146 47.489 681.604 427.945 
1261.79 386.4 850.256 476.406 
382.056 710.685 713.968 530.728 
973.795 596.208 806.342 510.291 
904.724 173.491 793.43 444.773 
1278.28 143.684 851.875 438.401 
1263.96 351.939 850.507 470.933 
1395.57 539.143 871.478 499.688 
1444.49 529.227 878.946 497.919 
1422.06 289.481 874.54 460.492 
1295.3 105.857 853.491 432.583 
1071.76 339.123 820.605 469.595 
1178.85 608.643 838.343 511.394 
1042.24 260.492 815.799 457.479 
261.385 967.081 696.537 570.778 
1299.95 353.909 856.077 471.246 
261.385 967.081 696.537 570.778 
671.767 499.87 758.714 496.383 
46.727 496.475 661.614 498.365 
478.466 876.935 729.974 556.121 
852.944 702.631 989.979 655.433 
1469.14 625.3 950.901 635.503 
118.106 737.709 673.571 535.672 
1423.94 43.1393 873.666 422.414 
1130.74 837.336 831.452 547.439 
1423.94 43.1393 873.666 422.414 
287.842 819.302 700.356 547.929 
1414.39 548.712 874.361 501.366 
1109.92 604.023 827.576 510.958 
78.0661 762.782 667.582 539.647 
478.148 962.073 730.4 569.284 
1104.99 387.122 826.08 477.058 
1104.78 614.602 1189.37 589.373 
1067.12 786.486 821.581 539.612 
414.306 726.106 1429.77 892.774 
248.025 949.297 789.31 957.821 
1265.62 317.362 850.507 470.933 
1458.02 631.543 950.901 635.503 
785.717 104.025 622.685 741.33 
973.795 596.208 806.342 510.291 
78.0661 762.782 667.582 539.647 
1261.79 386.4 850.256 476.406 
241.452 982.771 1379.89 662.274 
259.71 984.032 1379.89 662.274 
1322.83 213.707 858.847 449.401 
1466.96 11.7757 880.17 417.543 
1095.89 813.904 826.064 543.83 
267.113 948.75 1072.21 714.681 
961.963 615.486 1366.68 938.325 
627.046 736.924 269.137 843.661 
375.815 724.271 1429.77 892.774 
1344.26 435.746 863.545 483.778 
62.8272 731.789 664.596 534.396 
583.032 880.316 745.76 556.216 
597.122 786.635 748.049 541.634 
381.034 724.585 1429.77 892.774 
30.7513 792.958 660.596 544.705 
153.583 944.978 759.179 838.219 
667.708 670.475 758.989 522.917 
1233.5 138.926 789.308 915.425 
1037.01 51.8326 682.029 461.359 
598.993 622.989 1384.2 772.687 
268.85 984.39 1379.89 662.274 
756.469 199.73 628.158 578.968 
912.959 171.005 1373.74 553.987 
1265.19 478.395 850.731 490.589 
901.319 603.47 1189.37 589.373 
1299.95 353.909 850.703 465.606 
588.122 953.32 1285.59 651.581 
1163.16 405.995 554.762 488.008 
1244.41 256.829 950.901 635.503 
19.1327 738.014 789.31 957.821 
380.948 724.767 1429.77 892.774 
1034.98 265.67 710.47 988.149 
1287.96 420.97 757.812 933.872 
644.682 156.282 789.31 957.821 
907.03 593.192 795.916 510.113 
1042.97 776.957 817.424 538.343 
964.61 452.523 408.106 851.827 
1266.04 122.948 1161.29 712.823 
975.087 813.656 1225.1 542.201 
232.325 982.132 1379.89 662.274 
796.109 110.59 872.791 571.717 
1386.81 191.799 597.206 816.108 
377.126 17.1875 1107.15 633.918 
78.1339 703.382 544.554 820.213 
787.066 733.924 185.507 953.418 
1303.62 390.167 22.6483 521.425 
1160.15 411.852 269.137 843.661 
459.42 154.536 1464.5 895.877 
1455.9 163.055 879.998 440.859 
904.405 953.934 1063.01 719.407 
1091.18 827.552 1153.39 695.309 
892.127 497.097 867.535 841.873 
281.97 864.717 1211.53 558.048 
1193.29 628.262 375.55 884.646 
640.385 171.752 1366.68 938.325 
344.391 27.1911 893.686 636.928 
559.97 568.865 1349.73 566.291 
960.249 259.297 1238.93 931.456 
1288.43 439.165 1168.7 673.669 
1235.79 885.085 460.997 864.948 
746.667 248.298 650.256 542.8 
626.878 976.468 1346.9 885.02 
1442.27 666.91 498.674 746.376 
431.071 727.933 1429.77 892.774 
352.693 722.933 1429.77 892.774 
902.714 461.794 794.765 489.665 
1303.62 390.167 22.6483 521.425 
1324.21 181.831 1281.96 344.97 
1376.88 79.3788 537.214 959.366 
816.859 989.355 475.49 937.647 
17.6203 696.969 372.666 876.461 
1164.59 624.359 1067.97 568.255 
1015.77 817.823 943.173 673.873 
1090.04 775.741 1263.47 544.57 
