0.560325
0.662354
0.63702
0.633823
0.652508
0.674897
0.643898
0.689914
0.689621
0.615177
0.686998
0.667802
0.561545
0.619737
0.661857
0.684682
0.692567
0.659354
0.652795
0.654376
0.682157
0.510715
0.470615
0.546768
0.699085
0.49034
0.672955
0.661396
0.644903
0.643533
0.688745
0.552682
0.626255
0.606055
0.684934
0.660501
0.692826
0.626822
0.64642
0.69161
0.605336
0.61303
0.543508
0.683324
0.697654
0.696844
0.611552
0.65181
0.690032
0.698636
0.591338
0.679134
0.693346
0.616042
0.698991
0.657734
0.589548
0.446569
0.677161
0.280527
0.301688
0.613497
0.510945
0.460766
0.402593
0.388595
0.191149
0.699458
0.27083
0.365081
0.285709
0.344144
0.444362
0.384143
0.280331
0.334329
0.43344
0.391514
0.46564
0.265272
0.376635
0.475112
0.250271
0.601566
0.345538
0.277032
0.255883
0.27214
0.581935
0.322418
0.323912
0.467868
0.254394
0.199309
0.301595
0.441911
0.357975
0.656206
0.419656
0.576177
0.512082
0.446396
0.36725
0.235042
0.269581
0.252699
0.611918
0.200067
0.386311
0.307615
0.18262
0.530635
0.418795
0.357574
0.276969
0.291886
0.287951
0.242979
0.517443
0.318219
0.294333
0.238711
0.439175
0.265189
0.610998
0.480226
0.306865
0.393799
0.205641
0.286141
0.495431
0.311253
0.339071
0.216926
0.475493
0.38637
0.20118
0.40264
0.555939
0.286712
0.346456
0.397035
0.387698
0.307347
0.299075
0.18378
0.628168
0.216458
0.484707
0.347001
0.310248
0.265082
0.407357
0.23683
0.329252
0.343794
0.349418
0.249297
0.433364
0.304261
0.320605
0.205483
0.310622
0.359968
0.458669
0.360182
0.374902
0.283857
0.453452
0.466231
0.471484
0.500282
0.345717
0.242843
0.336573
0.592723
0.61692
0.543925
0.482923
0.272786
0.618016
0.425077
0.682152
0.567275
0.339377
0.414568
0.390154
0.405404
0.506938
0.326767
0.32233
0.684516
0.423897
