200
652.732 104.207 556.948 916.036 
785.717 104.025 622.685 741.33 
830.019 109.534 931.394 848.184 
1233.5 138.926 789.308 915.425 
912.959 171.005 1373.74 553.987 
1066.03 182.972 590.829 818.43 
324.95 208.784 590.829 818.43 
1160.15 411.852 269.137 843.661 
1388.21 443.894 650.256 542.8 
21.8784 536.511 501.535 477.009 
961.963 615.486 1366.68 938.325 
1442.27 666.91 498.674 746.376 
627.046 736.924 269.137 843.661 
1251.03 836.27 1378.2 935.785 
1037.01 51.8326 682.029 461.359 
1376.88 79.3788 537.214 959.366 
548.959 80.3673 288.37 419.239 
644.682 156.282 789.31 957.821 
640.385 171.752 1366.68 938.325 
1287.96 420.97 757.812 933.872 
892.127 497.097 867.535 841.873 
901.319 603.47 1189.37 589.373 
1104.78 614.602 1189.37 589.373 
1469.14 625.3 950.901 635.503 
1458.02 631.543 950.901 635.503 
852.944 702.631 989.979 655.433 
1121.38 722.25 1130.38 538.248 
787.066 733.924 185.507 953.418 
975.087 813.656 1225.1 542.201 
248.025 949.297 789.31 957.821 
588.122 953.32 1285.59 651.581 
1097 958.005 1266.22 757.949 
626.878 976.468 1346.9 885.02 
259.71 984.032 1379.89 662.274 
268.85 984.39 1379.89 662.274 
1052.19 14.9 947.592 845.349 
344.391 27.1911 893.686 636.928 
1266.04 122.948 1161.29 712.823 
1324.21 181.831 1281.96 344.97 
746.667 248.298 650.256 542.8 
649.436 509.216 710.47 988.149 
613.97 517.054 779.878 702.093 
352.693 722.933 1429.77 892.774 
375.815 724.271 1429.77 892.774 
381.034 724.585 1429.77 892.774 
414.306 726.106 1429.77 892.774 
1091.18 827.552 1153.39 695.309 
1417.09 987.112 151.011 463.635 
691.433 238.607 1423.38 810.891 
964.61 452.523 408.106 851.827 
380.948 724.767 1429.77 892.774 
1024.76 794.836 1366.68 938.325 
1015.77 817.823 943.173 673.873 
267.113 948.75 1072.21 714.681 
115.074 105.086 503.391 719.604 
17.6203 696.969 372.666 876.461 
816.859 989.355 475.49 937.647 
1090.04 775.741 1263.47 544.57 
986.73 851.865 521.794 574.527 
1042.97 776.957 817.424 538.343 
1466.96 11.7757 880.17 417.543 
1042.24 260.492 815.799 457.479 
656.276 473.568 756.182 492.4 
656.276 473.568 756.182 492.4 
1265.19 478.395 850.731 490.589 
1414.39 548.712 874.361 501.366 
187.146 47.489 681.604 427.945 
1401.65 127.391 870.628 435.623 
845.609 157.881 784.481 442.146 
1122.59 168.675 827.54 442.833 
1382.23 227.81 1176.79 598.766 
1291.09 240.706 854.147 453.558 
1266.23 282.099 850.577 459.953 
954.402 284.623 802.051 461.56 
1386.21 289.569 869.105 460.76 
1422.06 289.481 874.54 460.492 
1265.62 317.362 850.507 470.933 
1265.62 317.362 850.703 465.606 
560.79 322.062 850.507 470.933 
1386.3 324.744 869.199 466.36 
669.123 352.937 757.492 473.492 
1263.96 351.939 850.507 470.933 
1263.96 351.939 850.507 470.933 
1263.96 351.939 850.507 470.933 
1299.95 353.909 856.077 471.246 
1299.95 353.909 856.077 471.246 
1299.95 353.909 856.077 471.246 
796.386 360.31 777.443 473.962 
1261.79 386.4 850.256 476.406 
1261.79 386.4 850.256 476.406 
1381.94 393.727 868.858 477.041 
1381.94 393.727 868.858 477.041 
1381.94 393.727 868.858 477.041 
1344.26 435.746 863.545 483.778 
1291.61 447.991 855.484 485.969 
428.652 456.443 720.506 490.708 
671.767 499.87 758.714 496.383 
633.967 508.231 752.83 497.854 
654.259 516.516 756.091 499.207 
654.259 516.516 756.091 499.207 
1444.49 529.227 878.946 497.919 
1456.06 541.946 880.908 499.953 
907.03 593.192 795.916 510.113 
973.795 596.208 806.342 510.291 
973.795 596.208 806.342 510.291 
1109.92 604.023 827.576 510.958 
1178.85 608.643 838.343 511.394 
972.179 636.918 806.189 516.711 
1176.63 648.481 838.162 517.645 
113.663 771.031 673.145 540.919 
282.535 781.291 699.331 541.839 
597.122 786.635 748.049 541.634 
30.7513 792.958 660.596 544.705 
1087.44 856.308 824.905 550.691 
152.156 885.252 679.537 558.431 
152.156 885.252 679.537 558.431 
133.865 940.684 677.006 566.906 
478.148 962.073 730.4 569.284 
291.004 973.728 701.534 571.71 
138.439 63.0192 674.168 430.532 
159.986 79.7444 677.613 433.149 
1303.93 130.712 855.819 436.398 
913.434 137.739 794.821 438.769 
1255.65 176.239 848.38 443.62 
892.411 201.822 791.895 448.91 
1450.61 237.77 878.644 452.581 
1254.21 452.096 849.501 486.559 
958.897 512.923 803.732 497.452 
1395.57 539.143 871.478 499.688 
653.205 683.063 756.526 525.085 
62.8272 731.789 664.596 534.396 
118.106 737.709 673.571 535.672 
475.057 779.775 729.049 541.044 
557.65 783.899 741.966 541.426 
1095.89 813.904 826.064 543.83 
892.793 817.056 794.526 545.181 
1091.09 837.945 825.464 547.633 
1130.74 837.336 831.452 547.439 
817.108 851.111 782.858 550.947 
1008.39 852.238 812.501 550.14 
293.095 871.319 701.232 555.831 
478.466 876.935 729.974 556.121 
1235.89 877.331 848.031 553.11 
268.177 941.027 697.514 566.588 
602.188 945.743 749.663 566.275 
1268.23 63.3473 849.818 426.101 
797.603 86.9587 776.526 431.353 
797.603 86.9587 776.526 431.353 
1295.3 105.857 853.491 432.583 
642.386 108.691 752.558 435.282 
667.456 138.8 756.482 440.028 
1217.83 138.344 842.213 437.604 
1319.44 194.486 858.24 446.448 
1477.82 241.818 883.089 453.106 
1104.99 387.122 826.08 477.058 
991.77 457.752 808.552 488.584 
46.727 496.475 661.614 498.365 
164.745 695.648 680.361 528.833 
703.891 706.385 764.47 528.601 
72.7937 801.209 666.951 545.619 
483.49 806.856 730.284 545.143 
576.453 808.32 745.346 545.021 
542.421 810.188 739.982 545.462 
49.5681 816.851 663.625 547.837 
1028.84 833.435 815.936 547.289 
290.464 918.32 701.05 563.016 
904.724 173.491 793.43 444.773 
1153.98 172.825 832.724 443.396 
1145.96 287.783 831.912 461.38 
1005.18 417.816 810.459 482.22 
1217.88 464.485 844.164 488.902 
999.399 784.708 811.072 539.685 
1067.12 786.486 821.581 539.612 
1067.12 786.486 821.581 539.612 
167.792 961.153 682.35 570.058 
167.792 961.153 682.35 570.058 
261.385 967.081 696.537 570.778 
261.385 967.081 696.537 570.778 
1423.94 43.1393 873.666 422.414 
1423.94 43.1393 873.666 422.414 
1337.6 114.34 860.654 433.875 
1391.56 112.014 868.976 433.104 
1391.56 112.014 868.976 433.104 
667.708 670.475 758.989 522.917 
78.0661 762.782 667.582 539.647 
78.0661 762.782 667.582 539.647 
99.1936 887.306 670.888 558.817 
1272.16 81.4739 850.283 428.695 
1278.28 143.684 851.875 438.401 
1455.9 163.055 879.998 440.859 
847.58 676.414 786.865 523.148 
382.056 710.685 713.968 530.728 
221.552 745.387 689.429 536.491 
221.421 480.046 688.753 495.437 
287.842 819.302 700.356 547.929 
95.8821 821.288 672.944 548.25 
1116.89 435.177 828.082 484.602 
602.635 658.243 748.71 521.537 
583.032 880.316 745.76 556.216 
1071.76 339.123 820.605 469.595 
