0.568176
0.693135
0.666032
0.497582
0.45771
0.459717
0.522953
0.686406
0.6687
0.675201
0.641324
0.389523
0.375387
0.613343
0.696056
0.679366
0.646348
0.667234
0.407552
0.642495
0.695716
0.522259
0.465215
0.689545
0.489177
0.610482
0.637769
0.69161
0.535768
0.681829
0.665373
0.226629
0.676436
0.687174
0.504355
0.472689
0.645304
0.438559
0.454266
0.61306
0.630046
0.612362
0.566524
0.387639
0.480859
0.373362
0.511535
0.633829
0.613059
0.526261
0.673534
0.65988
0.394353
0.635631
0.329867
0.621118
0.667878
0.680566
0.643632
0.69989
0.530988
0.351793
0.617466
0.305385
0.448276
0.497927
0.591433
0.671238
0.607
0.699173
0.513426
0.697236
0.414343
0.617121
0.539652
0.540916
0.601574
0.537398
0.463119
0.599971
0.507171
0.521577
0.576256
0.551816
0.624519
0.590469
0.605295
0.607004
0.379851
0.553886
0.586802
0.491873
0.652988
0.58554
0.33179
0.619844
0.658376
0.691494
0.540528
0.498246
0.365349
0.274731
0.603207
0.616022
0.634969
0.448827
0.612336
0.364026
0.245802
0.57629
0.472414
0.528952
0.581243
0.627182
0.492104
0.605587
0.587277
0.489816
0.590072
0.494729
0.544302
0.569587
0.6867
0.54756
0.532873
0.383387
0.421755
0.42354
0.667539
0.519296
0.552797
0.481552
0.357204
0.686207
0.626796
0.687848
0.654444
0.607398
0.5948
0.661333
0.519966
0.66813
0.6
0.498698
0.605611
0.474677
0.527197
0.654771
0.622914
0.42235
0.362397
0.444539
0.55889
0.57591
0.597116
0.490766
0.359867
0.592341
0.609486
0.606457
0.365671
0.431825
0.666361
0.493781
0.541541
0.406155
0.368052
0.685236
0.586255
0.627412
0.697857
0.67798
0.476439
0.669028
0.410383
0.678874
0.641542
0.633616
0.538468
0.641968
0.495742
0.518743
0.655305
0.396961
0.556343
0.601462
0.614924
0.569523
0.493832
0.665084
0.605575
0.565804
0.382072
0.598947
0.507156
0.5849
0.502535
0.6646
0.421574
0.42893
0.497461
0.667617
0.513145
0.469478
0.593621
0.364092
0.659092
0.669951
0.496128
0.538658
0.665667
0.562863
0.536573
0.369513
0.422722
0.683244
0.660979
0.538217
0.681081
0.697925
0.520141
0.634776
0.507341
0.607516
0.560744
0.45216
0.39749
0.536215
0.605208
0.619935
0.56062
0.690037
0.646238
0.60932
0.642868
0.536264
0.658959
0.444233
0.594017
0.65816
0.668176
0.612277
0.60794
0.573541
0.584255
0.632803
0.680032
0.612876
0.639185
0.318491
0.63153
0.684933
0.560434
0.64975
0.556144
0.581838
0.691558
0.566182
0.512694
0.513587
0.696708
0.486213
0.670131
0.616808
0.571061
0.424251
0.605156
0.690192
0.611932
0.561143
0.439811
0.632078
0.653527
0.626723
0.634793
0.646681
0.61268
0.561537
0.68394
0.509652
0.497061
0.636449
0.627493
0.695759
0.533504
0.544303
0.60898
0.623721
0.536956
0.589179
0.571873
0.634836
0.477748
0.45479
0.553218
0.665565
0.590351
0.581665
0.547857
0.563052
0.582411
0.654554
0.681607
0.471668
0.576124
0.590671
0.560985
0.634817
0.646837
0.498712
0.483446
0.645717
0.588983
0.68097
0.636889
0.367977
0.518766
0.605913
0.503608
0.581918
0.642963
0.453116
0.424762
0.590126
0.662122
0.48705
0.521869
0.694844
0.569958
0.508545
0.674124
0.604732
0.627085
0.522776
0.614606
0.549007
0.571533
0.663669
0.490724
0.478969
0.645583
0.635553
0.558101
0.599095
0.660996
0.585821
0.54415
0.5724
0.610303
0.468312
0.47405
0.673222
0.445463
0.656108
0.579065
0.607157
0.582525
0.628889
0.668786
0.651493
0.532511
0.654442
0.685002
0.464672
0.698805
0.695199
0.543896
0.667672
0.66747
0.584753
0.529815
0.597205
0.58816
0.504285
0.663982
0.628602
0.347121
0.600455
0.63808
0.597119
0.517934
0.52102
0.65084
0.509919
0.662397
0.661319
0.594459
0.661532
0.539181
0.667612
0.647367
0.635357
0.455361
0.528661
0.576704
0.690014
0.651966
0.479324
0.443416
0.590905
0.494935
0.673796
0.580322
0.5203
0.626372
0.643521
0.612461
0.669458
0.595933
0.593124
0.570743
0.589557
0.569939
0.559184
0.493307
0.676819
0.56567
