404
307.775 616.088 256.321 594.269 
44.6253 591.44 89.5681 534.506 
221.635 580.121 211.144 548.349 
33.6734 589.598 82.0986 530.675 
251.041 293.779 304.421 282.29 
152.543 375.009 219.21 337.808 
151.497 530.502 178.971 490.847 
365.478 288.526 372.142 300.926 
256.056 265.761 315.163 256.85 
183.139 131.233 307.139 110.202 
73.7118 366.116 169.173 312.769 
33.6734 589.598 82.0986 530.675 
311.562 401.071 310.9 394.079 
117.216 460.597 170.955 415.519 
41.3177 549.9 98.4694 491.969 
179.895 133.716 303.512 111.522 
166.145 392.52 223.331 358.972 
230.068 231.08 308.47 217.601 
302.189 612.991 256.321 594.269 
49.7659 393.624 143.956 334.8 
97.3577 192.241 234.899 146.503 
510.121 105.941 496.352 171.057 
224.319 383.513 262.088 360.783 
45.2243 340.475 157.284 280.222 
311.562 401.071 310.9 394.079 
232.495 594.83 214.593 564.369 
329.328 387.861 325.202 384.953 
91.5756 439.012 159.738 388.957 
307.711 611.892 257.551 590.321 
531.211 499.496 409.495 516.323 
69.727 353.533 170.103 298.957 
217.151 353.236 266.283 330.142 
358.228 295.223 366.547 305.375 
266.12 308.995 309.387 300.048 
466.221 477.328 380.627 487.531 
31.5425 627.094 70.3884 567.573 
231.86 571.773 220.264 541.758 
324.057 395.71 319.998 391.036 
28.0961 229.045 177.069 164.541 
591.818 459.333 450.747 489.915 
311.273 618.518 256.321 594.269 
103.157 632.299 118.421 583.454 
499.487 193.696 468.713 244.616 
37.3541 503.456 105.351 444.065 
63.3359 368.337 161.435 312.27 
422.551 293.356 403.436 316.365 
102.968 610.616 124.512 561.851 
258.133 367.283 287.451 352.357 
271.456 465.901 267.914 448.149 
654.99 8.62539 38.555 402.411 
212.06 467.885 230.204 440.455 
513.381 477.13 405.022 494.617 
259.118 226.169 327.665 219.816 
61.9516 191.609 211.753 136.065 
297.682 12.1009 407.658 30.1803 
35.3452 211.923 188.376 148.619 
35.6692 556.046 93.0132 497.546 
40.4488 624.608 77.0492 567.068 
141.957 514.081 172.396 472.482 
88.6045 522.137 133.407 470.538 
483.025 40.1826 499.466 106.995 
608.553 333.202 489.642 384.688 
102.927 597.868 128.111 548.871 
15.8803 614.859 62.4128 553.562 
36.7319 281.149 169.35 217.676 
321.694 624.176 261.615 600.409 
89.7972 580.766 124.693 529.949 
386.941 136.943 107.162 201.487 
56.6329 191.24 208.163 134.404 
52.1325 542.879 109.575 486.773 
510.018 111.771 495.637 175.623 
279.093 282.21 324.161 276.886 
94.1666 290.109 206.304 242.377 
465.253 220.225 445.131 259.525 
253.319 569.328 234.714 543.233 
33.5611 218.48 185.091 154.878 
424.878 221.616 422.832 253.312 
230.073 520.863 232.009 493.396 
644.867 40.6068 577.341 147.87 
286.886 597.046 249.032 575.785 
230.096 257.192 301.443 242.998 
582.484 374.739 466.935 415.798 
103.219 509.494 148.357 460.675 
366.07 397.462 346.379 393.036 
42.1009 607.283 83.3952 549.485 
42.8719 81.6717 231.537 22.0573 
263.71 379.475 287.596 364.264 
664.58 277.651 529.264 348.144 
41.5222 295.231 168.527 228.983 
287.203 377.809 302.776 367.328 
591.373 92.4995 178.971 490.847 
383.001 141.753 420.39 170.771 
178.979 169.848 290.338 147.575 
246.088 480.289 249.441 455.657 
457.334 354.379 406.257 378.603 
72.5005 173.714 223.346 122.388 
358.957 376.402 346.292 378.48 
494.229 478.817 395.222 493.366 
52.2095 349.791 158.935 292.308 
46.0146 193.059 199.272 134.755 
53.0841 632.013 83.894 576.238 
394.867 138.011 429.877 170.627 
398.232 509.263 333.28 507.207 
23.9936 619.434 66.9274 559.029 
190.014 139.527 309.051 120.445 
495.566 147.161 478.158 204.64 
22.9826 385.16 128.481 321.689 
118.72 289.327 206.304 242.377 
306.565 242.839 350.642 246.655 
101.441 323.544 200.659 276.719 
250.148 532.649 242.968 508.497 
51.031 203.741 201.659 144.661 
356.251 344.074 353.076 349.437 
494.229 478.817 395.222 493.366 
390.717 244.488 396.891 266.899 
433.353 508.617 354.371 511.421 
366.558 219.272 392.427 238.049 
258.379 230.524 325.469 223.618 
314.327 318.712 334.89 317.825 
253.361 596.517 227.902 568.93 
346.997 256.552 369.91 267.915 
790.695 202.353 603.895 309.404 
78.9214 342.322 179.612 290.397 
318.969 327.918 335.192 327.123 
64.9169 577.884 103.37 514.853 
29.4647 527.33 93.0553 466.48 
68.3947 580.924 103.37 514.853 
66.2806 625.647 94.7576 572.037 
365.478 288.526 372.142 300.926 
27.9731 619.328 69.9101 559.587 
426.763 627.546 323.793 617.365 
257.444 188.07 336.891 183.471 
248.813 375.939 279.112 358.747 
24.2973 614.107 68.6531 554.369 
369.346 608.511 294.874 597.414 
193.026 569.427 196.146 534.918 
66.2806 625.647 94.7576 572.037 
399.061 447.544 350.403 451.234 
387.126 384.69 360.05 392.395 
426.38 614.632 326.963 606.469 
24.2973 614.107 68.6531 554.369 
410.822 195.785 422.119 227.477 
296.794 213.545 352.908 216.352 
129.209 510.856 164.392 467.43 
58.6699 618.732 91.4449 563.885 
248.8 608.427 221.386 579.72 
48.0238 400.931 141.31 341.526 
100.553 365.363 187.429 318.077 
281.707 532.478 262.662 512.993 
174.347 129.393 301.876 106.315 
106 246.948 223.235 207.285 
63.3981 336.013 170.711 281.652 
408.982 159.378 430.471 193.938 
270.357 349.764 300.582 338.11 
452.576 488.936 369.056 495.209 
121.931 495.29 164.099 449.568 
96.6025 170.677 242.375 123.054 
765.914 286.922 574.285 370.943 
321.053 220.83 365.809 229.803 
531.809 498.743 409.495 516.323 
115.569 578.118 141.067 532.666 
432.708 505.463 354.799 508.122 
250.682 561.024 235.453 536.758 
327.196 427.592 313.044 421.438 
58.6699 618.732 91.4449 563.885 
435.185 256.477 419.307 285.641 
550.646 254.052 479.977 307.514 
57.0701 627.058 88.056 571.869 
246.154 202.295 326.005 194.662 
106 246.948 223.235 207.285 
148.476 373.042 217.594 334.652 
59.0407 607.491 94.8096 552.846 
575.386 453.972 442.664 487.911 
358.957 376.402 346.292 378.48 
141.417 518.611 170.757 476.836 
255.641 242.666 321.252 232.378 
307.115 192.097 364.109 200.363 
571.271 223.653 498.599 284.228 
155.349 553.995 175.41 513.786 
42.9571 546.803 100.925 488.899 
48.6982 611.495 86.455 555.153 
578.12 473.797 440.021 501.088 
279.331 4.81291 399.785 19.8036 
255.641 242.666 321.252 232.378 
287.773 140.196 368.424 146.885 
178.322 59.4011 324.435 40.7759 
765.914 286.922 574.285 370.943 
252.301 606.256 224.616 578.035 
137.505 131.704 278.325 98.404 
147.01 235.451 257.558 201.342 
35.2887 533.425 97.5556 473.951 
448.109 250.181 427.838 283.294 
267.793 390.049 287.513 374.253 
538.817 544.079 405.667 556.079 
482.831 338.313 424.388 367.527 
57.2832 371.401 156.141 314.666 
272 299.476 315.207 291.759 
83.4336 454.128 147.698 399.517 
448.171 505.762 362.275 510.967 
347.855 348.869 347.917 351.43 
108.548 628.631 123.524 580.9 
306.565 242.839 350.642 246.655 
252.97 175.216 336.615 172.017 
439.382 340.624 399.937 362.315 
169.605 250.004 265.459 221.452 
370.532 418.544 341.268 420.069 
261.013 551.841 245.324 526.852 
87.9638 407.328 165.745 358.523 
234.942 537.606 231.724 510.617 
92.2648 514.612 139.709 463.889 
19.4397 199.532 179.705 132.605 
351.939 432.084 326.675 430.299 
376.836 381.043 354.387 386.883 
19.4397 199.532 179.705 132.605 
322.072 6.20513 423.342 33.4335 
468.743 254.646 437.456 292.225 
407.79 265.34 401.941 289.035 
320.662 41.4033 414.068 64.9962 
129.176 242.252 241.208 204.183 
434.617 338.211 398.525 358.965 
545.989 187.391 494.095 248.922 
443.39 379.168 392.229 397.249 
188.037 472.575 214.673 438.747 
310.954 45.027 406.952 65.4356 
508.795 506.964 395.601 520.426 
554.184 244.457 483.963 300.759 
31.0022 282.677 263.271 462.03 
435.825 310.07 405.091 336.565 
411.989 478.851 348.76 481.361 
568.905 295.084 479.937 347.394 
118.969 350.015 178.971 490.847 
482.038 373.429 414.871 398.619 
31.825 614.145 73.8282 555.089 
311.845 400.758 310.9 394.079 
25.9933 601.815 72.7532 542.223 
37.6418 604.035 80.9515 545.415 
299.59 437.692 294.687 426.51 
53.4265 610.042 90.9939 553.621 
536.422 521.732 410.002 536.782 
537.259 334.093 453.337 374.16 
573.939 389.408 458.466 427.376 
534.058 343.51 450.146 381.345 
375.613 524.434 51.187 473.321 
94.7093 315.882 198.148 267.531 
277.945 534.82 259.396 514.786 
62.8496 363.557 162.334 308.083 
148.565 152.803 280.811 120.113 
389.985 252.849 396.286 273.846 
268.052 483.329 263.271 462.03 
631.311 387.848 487.557 434.677 
140.113 517.57 170.757 476.836 
260.192 566.866 240.025 542.915 
37.3107 541.685 98.4645 482.701 
419.207 415.276 372.972 422.962 
156.507 559.113 60.895 506.21 
277.945 534.82 259.396 514.786 
152.287 48.4648 312.002 21.734 
267.753 184.473 343.951 183.172 
698.133 25.3934 607.063 143.146 
240.259 221.44 317.639 209.478 
323.024 438.493 307.465 430.631 
306.726 345.465 324.402 343.31 
291.045 292.325 328.421 288.914 
458.41 487.93 372.881 495.586 
42.3672 616.197 80.954 558.651 
443.875 556.379 339.545 546.406 
400.151 447.896 350.403 451.234 
19.5796 467.958 103.004 404.223 
144.359 368.889 215.125 331.239 
125.377 274.622 229.941 234.327 
82.442 570.979 122.324 519.824 
272.379 532.216 255.862 510.971 
500.209 513.286 389.758 524.696 
430.727 514.005 385.948 521.819 
384.326 268.456 388.641 284.483 
477.266 271.938 438.514 308.395 
49.4688 632.095 81.3418 575.609 
335.158 442.213 313.927 435.874 
452.62 595.45 345.483 592.63 
43.6932 456.85 218.575 272.749 
246.519 190.111 329.152 184.745 
429.392 333.724 398.246 351.28 
640.404 28.4252 578.963 137.074 
19.3078 395.211 123.342 329.958 
401.651 618.774 310.977 607.196 
39.981 562.293 94.3261 503.716 
175.895 149.06 297.214 125.872 
483.658 347.441 422.962 375.114 
394.867 138.011 429.877 170.627 
444.577 289.398 416.648 316.322 
671.003 118.023 570.647 216.898 
251.044 433.746 264.512 414.841 
566.703 246.316 489.778 305.563 
163.303 556.693 181.333 518.843 
261.163 574.388 238.614 548.821 
224.421 517.36 226.836 489.37 
123.524 371.714 201.142 326.667 
402.926 511.082 336.997 508.918 
758.483 448.969 149.915 529.987 
125.671 498.326 165.912 454.287 
104.505 562.566 139.375 516.236 
43.1827 283.086 172.389 222.166 
108.368 528.695 147.56 481.522 
576.82 465.595 441.437 492.988 
539.424 415.591 66.9841 249.963 
493.135 486.517 393.132 499.379 
57.8275 613.736 92.6128 557.754 
243.291 207.331 322.787 198.274 
221.375 162.516 320.479 149.956 
233.18 389.063 266.372 367.001 
672.526 279.998 496.352 171.057 
361.168 453.432 325.719 451.175 
383.059 267.812 387.402 285.905 
285.838 548.132 259.938 527.723 
238.442 369.457 275.416 351.097 
231.624 195.404 318.171 186.174 
291.606 536.084 267.67 517.72 
123.543 299.599 103.713 373.05 
402.577 256.676 399.549 280.24 
618.442 403.42 476.914 447.03 
394.406 343.438 374.521 356.516 
366.828 440.681 333.142 439.892 
31.2511 580.993 82.4617 521.323 
564.499 149.125 512.146 221.266 
460.935 479.28 348.76 481.361 
428.813 510.16 350.808 512.414 
34.2637 607.586 77.4002 548.562 
247.606 299.605 300.371 287.376 
279.017 145.738 362.132 149.196 
345.441 355.729 343.679 357.917 
454.591 217.742 379.056 143.156 
283.159 331.182 313.228 323.063 
314.327 318.712 334.89 317.825 
193.637 68.0407 331.569 53.1641 
414.575 281.096 403.314 302.67 
574.195 228.537 348.97 160.928 
459.324 248.774 434.046 287.056 
59.8315 623.434 90.8269 568.558 
74.7907 581.813 108.026 516.886 
355.092 236.452 379.873 250.738 
465.988 219.242 445.131 259.525 
146.031 125.335 285.832 94.79 
458.41 487.93 372.881 495.586 
465.66 288.835 428.486 318.556 
117.068 491 164.099 449.568 
89.0356 435.082 159.738 388.957 
211.876 533.973 218.37 503.389 
475.656 280.238 580.098 31.2176 
417.825 394.327 374.189 406.29 
137.551 326.773 223.037 288.338 
532.129 182.873 488.069 242.164 
453.916 378.082 398.878 398.431 
431.053 243.541 401.445 368.809 
486.807 340.596 425.97 370.513 
435.825 310.07 405.091 336.565 
359.972 445.888 328.016 443.261 
528.638 216.937 133.116 552.81 
200.292 203.159 295.545 181.48 
545.891 196.577 491.612 254.656 
488.528 308.058 433.642 341.409 
212.034 519.114 325.26 520.048 
103.219 509.494 148.357 460.675 
538.936 456.932 442.664 487.911 
428.748 510.266 350.808 512.414 
170.483 407.085 144.136 613.875 
364.669 181.511 400.526 203.466 
620.331 338.053 494.78 389.895 
366.07 397.462 346.379 393.036 
7.31498 573.308 68.0415 510.019 
69.4093 320.754 296.569 291.354 
150.851 626.912 608.396 20.1925 
351.276 221.012 381.234 236.846 
290.995 604.439 249.641 581.022 
363.206 410.756 339.658 411.636 
452.879 480.882 372.113 488.7 
113.133 270.858 222.361 227.554 
414.195 241.016 106.626 315.48 
625.416 342.443 496.067 395.117 
123.543 299.599 103.713 373.05 
41.8942 629.46 75.768 572.185 
508.161 345.059 435.877 378.032 
255.393 575.497 234.506 549.658 
320.229 575.317 5.93054 498.774 
157.769 29.9294 554.295 47.9513 
94.1409 559.485 422.994 157.376 
494.176 154.561 476.665 209.374 
491.308 2.62639 320.064 6.77919 
97.1994 82.4014 249.595 34.2145 
393.241 335.462 375.049 348.464 
62.692 612.049 96.1401 557.407 
92.1432 16.162 649.384 564.072 
310.038 150.3 378.859 161.846 
230.514 488.021 236.666 462.437 
164.323 454.883 203.575 418.182 
375.816 236.476 393.654 255.279 
579.225 249.278 496.244 308.879 
341.621 219.33 376.925 232.254 
541.645 505.685 413.379 523.376 
415.989 608.323 518.698 573.831 
585.476 455.139 448.551 485.393 
3.14193 284.734 330.799 318.569 
248.716 208.474 325.816 199.588 
669.522 349.541 435.953 260.657 
43.1827 283.086 172.389 222.166 
