22
262.027 144.501 431.147 354.471 
306.476 164.598 401.575 234.393 
290.981 210.598 401.575 234.393 
306.27 226.85 351.515 182.355 
95.4845 282.061 206.15 118.167 
95.5683 285.989 206.15 118.167 
469.957 305.957 349.856 236.313 
95.3411 312.131 206.429 299.673 
455.023 136.69 263.586 134.097 
455.023 136.69 263.586 134.097 
469.861 214.504 350.302 216.944 
469.893 259.128 349.912 263.743 
454.715 346.279 257.206 132.985 
454.715 346.279 257.206 132.985 
316.565 76.4643 371.534 186.584 
151.173 260.565 355.003 120.429 
108.444 329.291 355.003 120.429 
286.082 90.7101 228.329 86.6975 
142.003 93.88 222.534 301.664 
415.176 139.711 330.184 137.624 
275.751 279.814 268.252 274.448 
461.852 204.305 377.058 78.9602 
