241
163.079 595.848 147.486 1023.25 
163.079 595.848 147.486 1023.25 
123.227 599.112 82.2103 1021.1 
153.574 601.168 131.977 1030.39 
139.332 102.695 90.6902 135.604 
194.076 624.985 198.988 1078.97 
139.332 102.695 90.6902 135.604 
232.957 597.436 260.375 1036.75 
439.633 596.74 574.41 1068.28 
189.024 626.66 190.583 1081.35 
207.484 671.988 221.929 1163.88 
153.574 601.168 131.977 1030.39 
437.436 626.494 572.413 1117.27 
207.484 671.988 221.929 1163.88 
263.508 455.265 303.793 795.392 
129.694 624.321 93.3308 1068.49 
586.068 321.569 772.074 646.703 
145.037 626.929 118.601 1074.7 
572.106 323.364 753.3 646.562 
616.957 882.505 401.073 1363.29 
232.075 599.37 258.829 1040.24 
190.041 121.021 175.766 187.903 
158.01 564.172 137.905 965.62 
171.314 592.091 161.251 1017.15 
181.736 467.84 173.641 799.41 
675.208 354.572 893.604 719.656 
232.075 599.37 258.829 1040.24 
247.926 594.388 283.849 1033.04 
133.485 612.962 98.3101 1048.04 
240.583 600.014 271.921 1042.91 
149.29 604.846 124.916 1035.58 
173.041 379.31 157.221 641.451 
117.398 596.736 72.1227 1016.32 
144.429 603.246 117.226 1032.75 
439.633 596.74 574.41 1068.28 
437.436 626.494 572.413 1117.27 
167.79 471.261 149.948 803.51 
144.429 603.246 117.226 1032.75 
216.834 599.609 234.997 1037.53 
249.134 599.687 285.673 1043.58 
203.157 678.528 214.863 1174.62 
164.677 406.22 143.932 686.632 
162.218 468.287 141.45 796.672 
133.242 570.047 98.0492 971.491 
133.485 612.962 98.3101 1048.04 
139.237 467.221 104.293 789.049 
265.737 592.284 311.959 1033 
187.886 384.157 181.318 653.862 
132.291 625.634 97.97 1070.42 
140.466 600.251 110.789 1027.75 
213.83 596.985 229.781 1032.46 
139.455 399.248 102.552 668.318 
117.698 589.435 72.5092 1003.62 
208.322 539.268 219.276 930.366 
129.694 624.321 93.3308 1068.49 
191.621 469.285 189.662 804.055 
241.064 470.838 268.642 817.808 
210.079 418.138 218.005 719.199 
113.99 545.903 65.0019 925.321 
138.808 676.285 109.869 1162.58 
187.886 384.157 181.318 653.862 
141.332 539.399 110.386 918.246 
129.349 471.689 88.6187 794.59 
224.394 598.383 246.544 1036.63 
465.876 647.838 614.301 1157.08 
151.646 567.568 128.063 970.055 
444.047 597.693 580.623 1070.15 
262.253 451.352 300.945 789.67 
237.173 597.827 266.848 1038.2 
610.187 315.21 805.468 641.969 
248.489 471.686 280.825 821.167 
118.804 542.775 72.6622 920.008 
210.947 537.42 223.053 927.859 
117.698 589.435 72.5092 1003.62 
113.99 545.903 65.0019 925.321 
693.841 311.81 917.667 656.723 
136.44 380.982 97.2894 633.875 
341.526 120.928 415.4 241.825 
876.462 624.39 172.097 646.826 
502.006 652.604 666.797 1169.85 
204.388 596.701 214.462 1030.87 
247.981 424.911 278.717 739.798 
138.808 676.285 109.869 1162.58 
468.959 648.73 618.963 1158.98 
120.789 558.536 76.2131 947.833 
573.887 361.24 756.319 708.718 
584.702 318.043 771.037 640.077 
581.102 415.697 756.319 708.718 
199.292 597.002 206.118 1030.48 
213.83 596.985 229.781 1032.46 
188.219 376.934 180.739 640.91 
534.676 166.609 699.802 380.309 
804.126 885.933 401.073 1363.29 
992.956 305.805 225.045 152.487 
646.819 351.857 855.365 708.999 
211.433 568.61 224.469 982.133 
112.306 73.0958 43.8402 71.23 
230.941 602.771 257.497 1045.84 
185.402 721.043 987.412 723.993 
352.85 80.5129 243.787 172.446 
210.079 418.138 218.005 719.199 
123.273 663.915 82.2727 1139.41 
279.489 499.648 318.018 965.389 
124.109 541.64 81.8746 919.166 
115.389 639.323 70.0657 1093.03 
612.945 358.964 810.241 712.469 
184.095 383.439 175.625 652.606 
281.612 97.195 321.955 179.236 
199.292 597.002 206.118 1030.48 
586.068 321.569 772.074 646.703 
132.459 539.163 95.1999 915.654 
582.406 314.955 767.311 635.078 
351.049 119.913 430.056 242.76 
204.411 671.867 217.079 1163.54 
125.867 381.169 79.8408 633.06 
143.021 623.99 115.156 1070.8 
80.0033 97.8383 140.854 85.3833 
582.291 417.424 769.913 801.58 
165.928 721.199 146.474 1064.78 
186.12 632.678 185.652 1090.56 
341.526 120.928 415.4 241.825 
219.93 475.376 224.519 186.507 
106.126 377.006 45.8743 620.118 
105.226 736.372 278.717 739.798 
117.657 573.927 343.425 796.642 
227.727 534.991 249.728 925.792 
1282.5 442.569 320.428 183.053 
610.187 315.21 805.468 641.969 
158.457 594.557 140.285 1019.67 
616.765 445.701 817.271 853.025 
1204.35 441.35 317.167 174.953 
118.804 542.775 72.6622 920.008 
247.926 594.388 283.849 1033.04 
202.274 402.409 205.301 689.592 
688.075 438.406 912.602 854.232 
136.926 511.292 102.148 867.668 
617.882 312.415 815.556 639.503 
444.891 512.97 578.772 930.026 
731.939 403.871 969.843 810.048 
752.202 140.071 993.208 401.283 
139.529 381.252 102.468 635.873 
231.224 533.667 255.107 923.816 
157.311 469.155 133.938 796.678 
1279.51 469.344 866.445 845.183 
632.391 361.804 836.393 722.082 
121.09 555.594 75.6325 943.622 
880.586 672.041 83.4928 1146.42 
183.193 556.086 179.279 955.636 
243.359 597.776 276.779 1039.57 
1133.13 475.791 201.376 1068.07 
188.219 376.934 180.739 640.91 
1317.36 643.491 884.066 795.491 
619.589 409.876 819.926 794.585 
172.191 473.991 158.684 809.248 
659.885 313.083 872.538 649.972 
207.438 417.318 213.825 717.493 
126.84 510.598 85.1097 864.516 
684.531 434.146 838.425 710.482 
110.619 536.874 59.0221 907.122 
706.814 172.22 933.904 439.601 
294.67 882.065 401.073 1363.29 
615.405 315.968 812.346 644.562 
882.51 884.083 401.073 1363.29 
157.896 567.877 138.89 971.804 
669.074 314.083 884.843 654.117 
659.947 585.16 116.821 632.248 
104.876 408.305 45.2198 675.588 
636.276 440.533 843.479 848.719 
121.09 555.594 75.6325 943.622 
147.439 417.43 834.397 793.453 
677.048 593.426 82.1825 630.041 
1041.01 729.766 952.342 804.138 
747.055 590.478 111.34 633.666 
239.683 534.597 95.1999 915.654 
795.379 652.917 78.0007 1091.53 
215.022 604.3 119.395 1017.24 
669.533 435.025 887.437 845.807 
1372.2 332.287 602.072 1091.48 
671.431 593.396 82.675 635.588 
115.543 535.603 67.4609 906.592 
128.889 540.328 89.3555 917.666 
163.628 568.98 147.186 974.48 
219.93 475.376 224.519 186.507 
135.875 622.938 103.886 1066.28 
1174.95 442.124 77.1166 1036.32 
582.291 417.424 769.913 801.58 
448.907 599.378 610.955 1069.43 
171.314 592.091 161.251 1017.15 
195.934 627.68 201.955 1083.79 
219.655 81.8299 221.962 128.921 
1282.5 442.569 320.428 183.053 
873.907 884.816 356.467 1422.79 
698.14 170.927 922.761 434.483 
117.657 573.927 343.425 796.642 
526.032 167.205 686.588 378.095 
130.598 665.079 96.8683 1140.9 
135.538 540.301 100.432 918.981 
257.797 496.764 295.864 866.356 
705.609 312.863 969.843 810.048 
79.6994 88.4782 319.159 1131.02 
122.944 395.961 75.0025 658.044 
1019 922.287 67.707 1197.27 
678.601 354.15 897.93 718.974 
485.76 382.751 633.242 722.658 
582.291 417.424 769.913 801.58 
953.519 884.822 318.018 965.389 
1100.72 680.738 735.209 649.335 
1258.34 626.555 81.5929 83.4012 
36.9624 696.412 365.667 134.745 
671.431 593.396 82.675 635.588 
111.412 96.4155 44.2121 113.279 
490.301 355.544 638.349 678.359 
1283.56 438.945 321.955 179.236 
201.862 589.229 58.006 91.7837 
1051.03 252.472 181.095 644.695 
346.542 121.297 423.053 244.726 
468.285 596.384 615.854 1071.87 
744.465 397.399 986.103 802.385 
231.975 103.374 243.787 172.446 
203.919 420.782 211.86 722.459 
705.609 312.863 969.843 810.048 
244.123 463.272 273.564 805.472 
574.054 356.355 767.657 787.02 
468.699 567.709 615.845 1025.08 
1282.29 443.088 320.428 183.053 
639.604 413.849 848.071 806.914 
556.343 150.274 729.446 360.558 
608.623 883.857 356.467 1422.79 
259.489 102.808 287.294 181.287 
152.022 513.62 126.663 874.161 
189.85 530.544 650.936 774.601 
746.294 347.655 987.412 723.993 
746.294 347.655 946.533 420.443 
740.604 403.33 980.799 811.614 
895.493 621.517 661.04 957.504 
675.208 354.572 893.604 719.656 
1279.69 436.808 317.167 174.953 
128.889 540.328 89.3555 917.666 
904.369 606.501 236.208 137.361 
224.186 541.15 40.6066 164.68 
147.195 395.019 115.693 662.597 
