238
219.655 81.8299 221.962 128.921 
281.612 97.195 321.955 179.236 
341.526 120.928 415.4 241.825 
341.526 120.928 415.4 241.825 
526.032 167.205 686.588 378.095 
992.956 305.805 225.045 152.487 
617.882 312.415 815.556 639.503 
659.885 313.083 872.538 649.972 
705.609 312.863 969.843 810.048 
669.074 314.083 884.843 654.117 
582.406 314.955 767.311 635.078 
572.106 323.364 753.3 646.562 
719.048 349.675 950.812 720.846 
646.819 351.857 855.365 708.999 
678.601 354.15 897.93 718.974 
675.208 354.572 893.604 719.656 
675.208 354.572 893.604 719.656 
574.054 356.355 767.657 787.02 
573.887 361.24 756.319 708.718 
106.126 377.006 45.8743 620.118 
188.219 376.934 180.739 640.91 
188.219 376.934 180.739 640.91 
125.867 381.169 79.8408 633.06 
139.529 381.252 102.468 635.873 
147.195 395.019 115.693 662.597 
122.944 395.961 75.0025 658.044 
744.465 397.399 986.103 802.385 
202.274 402.409 205.301 689.592 
740.604 403.33 980.799 811.614 
731.939 403.871 969.843 810.048 
164.677 406.22 143.932 686.632 
104.876 408.305 45.2198 675.588 
639.604 413.849 848.071 806.914 
581.102 415.697 756.319 708.718 
147.439 417.43 834.397 793.453 
207.438 417.318 213.825 717.493 
203.919 420.782 211.86 722.459 
247.981 424.911 278.717 739.798 
684.531 434.146 838.425 710.482 
669.533 435.025 887.437 845.807 
688.075 438.406 912.602 854.232 
636.276 440.533 843.479 848.719 
1174.95 442.124 77.1166 1036.32 
1282.5 442.569 320.428 183.053 
1282.5 442.569 320.428 183.053 
689.789 443.729 131.385 879.628 
263.508 455.265 303.793 795.392 
244.123 463.272 273.564 805.472 
181.736 467.84 173.641 799.41 
157.311 469.155 133.938 796.678 
1279.51 469.344 866.445 845.183 
172.191 473.991 158.684 809.248 
219.93 475.376 224.519 186.507 
219.93 475.376 224.519 186.507 
1133.13 475.791 201.376 1068.07 
152.022 513.62 126.663 874.161 
141.332 539.399 110.386 918.246 
208.322 539.268 219.276 930.366 
135.538 540.301 100.432 918.981 
121.09 555.594 75.6325 943.622 
121.09 555.594 75.6325 943.622 
120.789 558.536 76.2131 947.833 
158.01 564.172 137.905 965.62 
468.699 567.709 615.845 1025.08 
117.657 573.927 343.425 796.642 
117.657 573.927 343.425 796.642 
704.455 574.168 77.9074 792.077 
659.947 585.16 116.821 632.248 
117.698 589.435 72.5092 1003.62 
117.698 589.435 72.5092 1003.62 
201.862 589.229 58.006 91.7837 
171.314 592.091 161.251 1017.15 
171.314 592.091 161.251 1017.15 
677.048 593.426 82.1825 630.041 
158.457 594.557 140.285 1019.67 
468.285 596.384 615.854 1071.87 
199.292 597.002 206.118 1030.48 
199.292 597.002 206.118 1030.48 
213.83 596.985 229.781 1032.46 
213.83 596.985 229.781 1032.46 
243.359 597.776 276.779 1039.57 
249.134 599.687 285.673 1043.58 
448.907 599.378 610.955 1069.43 
230.941 602.771 257.497 1045.84 
215.022 604.3 119.395 1017.24 
904.369 606.501 236.208 137.361 
850.031 616.073 669.336 966.112 
895.493 621.517 661.04 957.504 
135.875 622.938 103.886 1066.28 
129.694 624.321 93.3308 1068.49 
129.694 624.321 93.3308 1068.49 
876.462 624.39 172.097 646.826 
132.291 625.634 97.97 1070.42 
145.037 626.929 118.601 1074.7 
195.934 627.68 201.955 1083.79 
186.12 632.678 185.652 1090.56 
115.389 639.323 70.0657 1093.03 
465.876 647.838 614.301 1157.08 
795.379 652.917 78.0007 1091.53 
123.273 663.915 82.2727 1139.41 
130.598 665.079 96.8683 1140.9 
204.411 671.867 217.079 1163.54 
207.484 671.988 221.929 1163.88 
207.484 671.988 221.929 1163.88 
880.586 672.041 83.4928 1146.42 
138.808 676.285 109.869 1162.58 
138.808 676.285 109.869 1162.58 
1100.72 680.738 735.209 649.335 
165.928 721.199 146.474 1064.78 
185.402 721.043 987.412 723.993 
882.51 884.083 401.073 1363.29 
352.85 80.5129 243.787 172.446 
259.489 102.808 287.294 181.287 
231.975 103.374 243.787 172.446 
556.343 150.274 729.446 360.558 
698.14 170.927 922.761 434.483 
615.405 315.968 812.346 644.562 
584.702 318.043 771.037 640.077 
586.068 321.569 772.074 646.703 
586.068 321.569 772.074 646.703 
490.301 355.544 638.349 678.359 
632.391 361.804 836.393 722.082 
173.041 379.31 157.221 641.451 
136.44 380.982 97.2894 633.875 
485.76 382.751 633.242 722.658 
184.095 383.439 175.625 652.606 
187.886 384.157 181.318 653.862 
187.886 384.157 181.318 653.862 
619.589 409.876 819.926 794.585 
210.079 418.138 218.005 719.199 
210.079 418.138 218.005 719.199 
1283.56 438.945 321.955 179.236 
1282.29 443.088 320.428 183.053 
262.253 451.352 300.945 789.67 
139.237 467.221 104.293 789.049 
248.489 471.686 280.825 821.167 
257.797 496.764 295.864 866.356 
136.926 511.292 102.148 867.668 
239.683 534.597 95.1999 915.654 
227.727 534.991 249.728 925.792 
210.947 537.42 223.053 927.859 
132.459 539.163 95.1999 915.654 
128.889 540.328 89.3555 917.666 
128.889 540.328 89.3555 917.666 
124.109 541.64 81.8746 919.166 
113.99 545.903 65.0019 925.321 
113.99 545.903 65.0019 925.321 
183.193 556.086 179.279 955.636 
151.646 567.568 128.063 970.055 
163.628 568.98 147.186 974.48 
747.055 590.478 111.34 633.666 
671.431 593.396 82.675 635.588 
671.431 593.396 82.675 635.588 
117.398 596.736 72.1227 1016.32 
204.388 596.701 214.462 1030.87 
439.633 596.74 574.41 1068.28 
439.633 596.74 574.41 1068.28 
232.957 597.436 260.375 1036.75 
444.047 597.693 580.623 1070.15 
237.173 597.827 266.848 1038.2 
224.394 598.383 246.544 1036.63 
240.583 600.014 271.921 1042.91 
143.021 623.99 115.156 1070.8 
502.006 652.604 666.797 1169.85 
36.9624 696.412 365.667 134.745 
105.226 736.372 278.717 739.798 
294.67 882.065 401.073 1363.29 
953.519 884.822 318.018 965.389 
953.519 884.822 318.018 965.389 
804.126 885.933 401.073 1363.29 
112.306 73.0958 43.8402 71.23 
111.412 96.4155 44.2121 113.279 
752.202 140.071 993.208 401.283 
534.676 166.609 699.802 380.309 
706.814 172.22 933.904 439.601 
612.945 358.964 810.241 712.469 
139.455 399.248 102.552 668.318 
1279.69 436.808 317.167 174.953 
1204.35 441.35 317.167 174.953 
167.79 471.261 149.948 803.51 
241.064 470.838 268.642 817.808 
129.349 471.689 88.6187 794.59 
126.84 510.598 85.1097 864.516 
444.891 512.97 578.772 930.026 
231.224 533.667 255.107 923.816 
110.619 536.874 59.0221 907.122 
211.433 568.61 224.469 982.133 
133.242 570.047 98.0492 971.491 
265.737 592.284 311.959 1033 
247.926 594.388 283.849 1033.04 
247.926 594.388 283.849 1033.04 
216.834 599.609 234.997 1037.53 
140.466 600.251 110.789 1027.75 
153.574 601.168 131.977 1030.39 
153.574 601.168 131.977 1030.39 
144.429 603.246 117.226 1032.75 
144.429 603.246 117.226 1032.75 
194.076 624.985 198.988 1078.97 
189.024 626.66 190.583 1081.35 
437.436 626.494 572.413 1117.27 
437.436 626.494 572.413 1117.27 
128.574 633.547 90.9456 1085.08 
1317.36 643.491 884.066 795.491 
468.959 648.73 618.963 1158.98 
203.157 678.528 214.863 1174.62 
616.957 882.505 401.073 1363.29 
80.0033 97.8383 140.854 85.3833 
190.041 121.021 175.766 187.903 
610.187 315.21 805.468 641.969 
610.187 315.21 805.468 641.969 
191.621 469.285 189.662 804.055 
115.543 535.603 67.4609 906.592 
118.804 542.775 72.6622 920.008 
118.804 542.775 72.6622 920.008 
163.079 595.848 147.486 1023.25 
163.079 595.848 147.486 1023.25 
149.29 604.846 124.916 1035.58 
79.6994 88.4782 319.159 1131.02 
139.332 102.695 90.6902 135.604 
139.332 102.695 90.6902 135.604 
693.841 311.81 917.667 656.723 
616.765 445.701 817.271 853.025 
616.765 445.701 817.271 853.025 
162.218 468.287 141.45 796.672 
123.227 599.112 82.2103 1021.1 
1019 922.287 67.707 1197.27 
582.291 417.424 769.913 801.58 
582.291 417.424 769.913 801.58 
582.291 417.424 769.913 801.58 
232.075 599.37 258.829 1040.24 
232.075 599.37 258.829 1040.24 
811.136 885.149 356.467 1422.79 
873.907 884.816 356.467 1422.79 
1372.2 332.287 602.072 1091.48 
133.485 612.962 98.3101 1048.04 
133.485 612.962 98.3101 1048.04 
1343.03 21.5178 676.424 927.082 
279.489 499.648 318.018 965.389 
