0.65591
0.455911
0.515583
0.491031
0.667317
0.493361
0.584637
0.614392
0.678391
0.62094
0.545739
0.337041
0.697604
0.486191
0.672121
0.341232
0.6952
0.684708
0.485151
0.56159
0.522248
0.603915
0.54232
0.593104
0.699553
0.66852
0.66649
0.57944
0.693469
0.589712
0.396599
0.622785
0.685845
0.491145
0.625827
0.61455
0.683686
0.474696
0.681229
0.642431
0.583669
0.60136
0.648657
0.571665
0.65615
0.667919
0.266898
0.684427
0.337311
0.598379
0.593829
0.610453
0.646208
0.560173
0.602782
0.69018
0.453373
0.412045
0.658868
0.621371
0.594747
0.480947
0.32709
0.685253
0.657947
0.563096
0.647605
0.621101
0.453785
0.414585
0.680665
0.344298
0.653703
0.627455
0.574219
0.681795
0.531126
0.443951
0.498209
0.420685
0.601573
0.335937
0.650609
0.514798
0.641845
0.691398
0.654624
0.692589
0.648552
0.413466
0.269476
0.471088
0.392052
0.355122
0.653907
0.549959
0.526418
0.487126
0.632551
0.521788
0.658456
0.539471
0.310456
0.29304
0.597989
0.437756
0.451653
0.674867
0.544409
0.507015
0.618592
0.519167
0.689282
0.683529
0.686383
0.657553
0.617684
0.488027
0.313111
0.5279
0.594662
0.594015
0.387492
0.43833
0.672379
0.528565
0.379876
0.42223
0.608738
0.421489
0.519178
0.678671
0.685792
0.448455
0.391643
0.449117
0.659417
0.583954
0.630358
0.568185
0.472661
0.533326
0.697416
0.64519
0.526217
0.422255
0.456467
0.643882
0.452787
0.645328
0.628284
0.643292
0.625961
0.350395
0.47344
0.31301
0.276095
0.239597
0.447653
0.451167
0.435892
0.348961
0.620568
0.472334
0.676544
0.563026
0.671876
0.670643
0.674471
0.566815
0.560089
0.677197
0.592766
0.484009
0.616864
0.513331
0.427528
0.697157
0.575823
0.355548
0.419584
0.400805
0.615561
0.580076
0.593141
0.616184
0.511378
0.425758
0.392043
0.333163
0.579278
0.331131
0.393897
0.287658
0.227457
0.353568
0.322992
0.253418
0.331859
0.289412
0.35442
0.588925
0.605251
0.477893
0.366701
0.376378
0.543885
0.326608
0.57392
0.45229
0.410625
0.64503
0.467084
0.58564
0.212335
0.226927
0.348991
0.666558
0.260613
0.327218
0.463701
0.600428
0.526037
0.36799
0.331988
0.669091
0.672932
0.650477
0.621769
0.343559
0.322353
0.562025
0.656896
0.642484
0.316576
0.390804
0.689466
0.46664
