266
343.536 210.773 336.437 205.312 
356.129 264.687 347.316 261.249 
324.623 226.72 316.566 220.04 
324.458 223.433 315.939 216.844 
304.826 211.515 297.563 204.605 
119.449 144.247 169.455 155.235 
299.173 308.293 289.261 292.252 
185.19 207.122 206.615 198.977 
369.722 163.791 367.18 156.864 
69.2698 154.133 147.448 163.484 
312.892 213.554 305.182 206.523 
367.389 274.873 360.079 273.897 
126.75 156.283 173.78 163.184 
168.996 243.867 195.954 224.849 
270.759 290.626 265.19 271.929 
375.452 281.982 368.45 281.318 
302.949 364.789 292.691 345.829 
439.535 238.045 463.357 243.893 
245.559 214.187 248.828 203.801 
328.815 238.148 319.122 232.467 
260.002 343.859 254.998 314.589 
346.764 387.344 332.62 382.084 
309.543 369.18 295.61 351.912 
371.728 152.871 370.287 144.863 
199.597 231.407 213.976 217.582 
360.075 171.535 356.673 164.711 
119.525 428.068 164.966 346.268 
367.253 174.592 364.203 168.537 
324.421 340.957 312.525 329.239 
239.217 77.167 246.019 92.9627 
386.961 284.161 382.26 287.537 
408.575 371.702 408.157 391.002 
168.941 244.007 195.954 224.849 
318.694 229.214 310.239 222.247 
260.19 404.896 252.261 367.338 
207.004 194.279 222.89 189.714 
184.319 219.789 204.994 207.589 
363.597 155.38 360.693 148.068 
353.993 207.712 348.22 202.328 
283.758 295.33 276.324 277.269 
208.32 412.705 215.746 358.047 
70.5463 51.3377 149.694 99.1064 
346.915 194.345 340.722 188.931 
187.69 231.49 206.998 215.989 
310.876 402.344 294.058 381.388 
87.0336 232.394 153.277 211.942 
139.448 49.8709 184.545 88.9618 
173.391 201.47 199.216 194.166 
225.37 219.789 232.975 210.084 
361.24 196.941 355.949 191.235 
108.63 196.528 164.617 189.805 
335.149 216.823 327.73 210.998 
446.162 295.496 468.435 318.947 
126.296 50.0353 175.772 90.7604 
208.585 43.2437 226.016 71.1065 
72.6416 217.846 147.233 204.058 
168.992 378.397 195.242 323.85 
125.949 264.049 172.269 236.861 
207.512 195.252 222.89 189.714 
416.883 150.792 431.506 137.829 
116.354 145.175 169.455 155.235 
403.004 142.797 412.564 128.953 
392.868 217.533 394.937 214.921 
418.56 95.5111 438.997 68.4109 
382.835 196.679 384.064 191.334 
405.479 369.092 408.157 391.002 
283.851 294.982 276.324 277.269 
115.934 214.083 166.684 201.295 
172.968 271.294 197.744 244.673 
127.999 248.284 172.912 224.683 
140.578 50.4237 184.545 88.9618 
229.912 107.806 239.329 119.222 
232.244 44.3961 242.444 67.0796 
397.939 175.178 404.476 167.516 
232.801 227.802 236.821 215.669 
462.792 115.569 513.77 83.8823 
234.268 407.212 231.567 360.712 
243.625 237.172 246.119 224.146 
360.017 163.883 356.777 156.428 
286.963 293.172 278.803 275.974 
392.069 162.366 395.614 151.635 
126.774 263.399 172.269 236.861 
212.254 42.648 227.854 69.2705 
410.852 158.232 422.364 146.478 
462.939 125.857 513.526 97.7011 
456.015 120.371 504.613 92.6554 
276.152 258.187 271.564 243.922 
420.375 275.992 427.999 283.889 
90.1951 158.322 156.849 164.527 
114.815 235.701 166.139 215.837 
308.106 209.698 300.958 202.056 
455.871 359.427 491.42 404.564 
410.076 241.414 417.135 244.802 
140.607 50.1762 184.545 88.9618 
176.937 283.396 199.749 253.888 
157.76 414.393 185.332 345.483 
252.947 249.843 252.973 235.475 
472.202 141.636 524.613 118.701 
402.588 142.555 412.564 128.953 
155.681 227.937 189.31 212.412 
207.844 414.495 215.746 358.047 
337.204 226.284 328.886 220.48 
398.957 376.898 398.154 395.245 
413.555 383.858 407.501 410.843 
137.961 424.644 164.966 346.268 
418.646 365.813 428.349 392.452 
377.993 251.322 373.916 250.607 
375.863 280.764 368.45 281.318 
73.9682 371.622 145.192 301.221 
238.085 273.795 240.22 252.84 
121.402 222.291 170.023 207.05 
469.708 258.92 513.225 277.149 
221.09 413.099 224.647 360.655 
436.284 368.913 453.747 405.972 
121.596 222.106 170.023 207.05 
64.6644 364.013 140.008 295.685 
453.003 121.114 504.613 92.6554 
64.7372 346.918 140.442 284.254 
285.996 277.785 278.783 263.309 
273.173 379.132 264.359 349.614 
421.036 155.502 438.971 143.292 
307.835 223.457 300.324 216.006 
64.1566 363.611 140.008 295.685 
187.238 230.009 206.998 215.989 
231.74 281.224 234.553 257.827 
387.67 136.267 390.62 125.114 
83.9152 411.874 148.096 327.613 
210.021 282.986 222.339 261.485 
242.256 238.107 246.119 224.146 
201.789 323.376 214.908 286.539 
139.462 113.655 182.48 133.981 
227.544 243.948 232.899 229.027 
444.324 91.4209 478.959 57.2531 
293.795 223.274 286.815 214.455 
350.845 210.422 346.618 205.21 
156.587 47.9915 192.238 84.1149 
407.1 297.064 410.417 307.324 
212.16 319.201 222.194 285.607 
321.673 317.894 306.021 302.319 
428.084 79.7305 454.226 48.4859 
118.013 428.061 164.966 346.268 
419.207 128.846 435.703 109.817 
393.895 394.537 378.31 408.369 
301.243 201.416 294.661 194.924 
379.937 237.387 377.002 234.91 
460.868 189.812 507.57 182.714 
419.128 185.1 435.735 177.947 
177.159 259.259 200.887 237.56 
93.1508 289.926 155.906 250.493 
409.99 305.022 413.054 317.094 
262.101 261.723 259.639 245.038 
124.83 265.349 172.269 236.861 
234.186 406.721 231.567 360.712 
455.279 250.884 489.223 262.213 
392.569 162.455 395.614 151.635 
434.014 312.389 450.413 334.054 
309.208 211.469 301.54 204.251 
56.3855 137.679 139.084 152.871 
241.983 256.435 243.496 239.771 
394.371 275.019 391.213 278.087 
421.145 155.5 438.971 143.292 
246.135 262.385 246.207 244.736 
424.78 234.284 440.398 238.742 
175.225 232.23 199.817 215.961 
307.951 207.338 300.958 202.056 
305.317 364.875 292.691 345.829 
390.069 388.718 374.669 404.235 
394.122 263.209 393.498 268.404 
145.245 190.186 183.481 187.882 
56.4996 138.235 139.084 152.871 
92.4926 289.867 155.906 250.493 
134.045 283.821 176.225 250.228 
116.056 215.913 166.684 201.295 
412.132 92.6329 438.997 68.4109 
412.056 224.507 422.651 225.008 
60.1386 64.0326 144.467 105.252 
75.1549 120.293 151.233 141.763 
135.627 308.025 176.411 267.12 
261.363 219.103 259.992 210.919 
293.084 210.179 287.198 202.047 
269.382 401.426 262.047 365.87 
412.832 87.5974 429.875 62.187 
406.483 231.678 412.243 231.366 
382.692 197.005 384.064 191.334 
383.644 222.624 383.156 220.148 
397.921 297.224 396.083 305.07 
234.294 419.911 229.23 370.865 
370.48 152.837 370.287 144.863 
413.164 269.635 419.801 276.462 
175.951 254.958 199.989 233.153 
76.7518 261.657 147.454 230.897 
158.592 34.8992 193.281 75.0647 
380.058 251.063 373.916 250.607 
378.332 146.653 378.661 135.815 
237.189 383.625 236.713 341.319 
401.448 130.781 410.934 117.611 
64.7737 347.257 140.442 284.254 
235.039 422.397 229.23 370.865 
409.972 289.214 412.242 300.844 
383.258 70.5513 386.224 54.03 
175.414 356.224 197.435 306.121 
393.965 163.819 398.87 154.979 
102.061 360.912 159.072 300.162 
304.96 318.051 295.242 301.818 
329.235 235.666 319.122 232.467 
266.381 208.336 264.408 200.909 
415.193 379.973 415.834 408.895 
446.683 93.2517 486.124 62.3135 
247.165 238.489 246.119 224.146 
90.1948 198.576 155.212 191.302 
384.639 271.934 379.808 274.93 
144.06 361.236 179.941 306.897 
373.8 245.519 362.608 241.562 
431.881 176.389 454.909 165.233 
109.626 334.416 254.998 314.589 
412.878 386.037 409.125 414.882 
137.941 229.788 178.419 213.57 
128.162 249.118 172.912 224.683 
178.971 189.578 204.079 183.891 
96.9094 175.595 160.965 175.038 
416.677 385.1 414.034 410.833 
468.218 218.869 517.627 224.122 
254.896 417.989 235.146 378.463 
460.245 189.576 507.57 182.714 
259.564 236.486 256.502 226.067 
411.93 65.1888 430.862 36.4529 
66.2749 345.984 140.442 284.254 
241.747 225.502 327.73 210.998 
345.116 67.1182 342.79 60.6735 
411.382 276.197 416.862 285.18 
170.042 392.429 193.033 332.734 
389.204 246.913 386.575 248.079 
323.397 341.711 312.525 329.239 
58.0813 303.157 137.356 257.574 
173.279 203.083 199.216 194.166 
403.505 244.055 402.909 244.655 
293.3 323.745 282.648 303.544 
202.724 215.603 216.503 203.079 
370.227 378.574 360.986 383.852 
292.327 233.178 286.521 221.485 
476.551 268.344 516.957 288.05 
176.319 257.896 199.989 233.153 
144.866 191.466 183.481 187.882 
435.609 299.625 452.243 317.124 
317.863 409.434 296.632 385.008 
66.9773 363.336 140.008 295.685 
116.142 211.484 166.684 201.295 
455.2 258.618 488.674 273.884 
76.9097 118.88 151.233 141.763 
459.258 428.321 112.245 369.724 
75.2718 261.605 147.454 230.897 
259.329 415.18 235.146 378.463 
442.397 316.789 464.646 345.359 
412.475 280.75 417.083 289.034 
179.032 395.064 248.347 344.401 
450.558 181.098 491.999 172.425 
370.71 382.132 360.897 388.075 
132.314 200.378 175.929 191.225 
459.666 303.779 490.202 334.109 
60.9089 39.9451 144.673 92.3078 
71.7308 353.911 145.192 301.221 
60.3975 38.808 143.918 90.2747 
408.503 248.857 418.131 255.006 
405.768 257.585 406.657 259.882 
230.443 311.699 234.049 282.531 
444.334 239.001 473.555 250.443 
