0.472993
0.523345
0.635768
0.562835
0.495939
0.649925
0.382117
0.355038
0.536119
0.376878
0.691459
0.48718
0.443216
0.454536
0.395678
0.422544
0.645044
0.493144
0.489809
0.552808
0.429013
0.288426
0.580823
0.34218
0.639873
0.472887
0.403661
0.677596
0.282042
0.351945
0.547145
0.578329
0.539945
0.528293
0.270161
0.636258
0.628841
0.350412
0.489526
0.286422
0.699367
0.390415
0.690005
0.437856
0.602859
0.306937
0.504639
0.274496
0.469844
0.505445
0.300757
0.497209
0.69255
0.666821
0.693348
0.547514
0.382637
0.624581
0.528436
0.517988
0.595621
0.311165
0.317094
0.413105
0.605577
0.616399
0.135934
0.493462
0.607212
0.681182
0.534863
0.613873
0.586635
0.360135
0.403472
0.585414
0.521363
0.427651
0.554699
0.591745
0.497912
0.690582
0.312351
0.311521
0.60668
0.679493
0.674267
0.668183
0.180242
0.179184
0.535241
0.489439
0.652558
0.596698
0.52727
0.410695
0.591865
0.463191
0.66079
0.629023
0.611975
0.572761
0.433424
0.526498
0.684642
0.359195
0.57861
0.562808
0.577367
0.441595
0.634846
0.575398
0.672607
0.522984
0.59439
0.263001
0.545138
0.521557
0.504034
0.619438
0.511911
0.656348
0.55413
0.572269
0.385389
0.630253
0.695014
0.617785
0.493118
0.6686
0.53102
0.680518
0.164997
0.281035
0.612467
0.660847
0.67847
0.503742
0.330283
0.574004
0.589154
0.328828
0.49152
0.637026
0.533632
0.398974
0.590329
0.4259
0.616011
0.693028
0.605829
0.348982
0.454597
0.516613
0.399408
0.598232
0.366467
0.270162
0.569178
0.622607
0.470753
0.692657
0.572597
0.693535
0.657849
0.573071
0.665529
0.613217
0.667694
0.565359
0.532574
0.608667
0.628332
0.601833
0.578652
0.582344
0.39208
0.579537
0.569594
0.492172
0.342652
0.476733
0.557793
0.504124
0.649634
0.632936
0.43782
0.546636
0.6014
0.482216
0.691551
0.463173
0.368458
0.60973
0.432548
0.399021
0.479683
0.571511
0.671132
0.462202
0.690774
0.4512
0.180616
0.669425
0.643598
0.301046
0.415271
0.551351
0.395628
0.631955
0.674165
0.408916
0.571923
0.361607
0.567437
0.697857
0.44123
0.505681
0.384418
0.620863
0.662847
0.557564
0.464125
0.321756
0.343053
0.645918
0.660311
0.535343
0.526923
0.684603
0.645223
0.354525
0.548188
0.455538
0.685147
0.230348
0.5739
0.424316
0.28267
0.619781
0.6784
0.479562
0.259552
0.500108
0.606958
0.595246
0.531937
0.67324
0.696205
0.212188
0.594345
0.435161
0.406027
0.63301
0.383931
0.652851
0.61934
0.54083
0.644593
0.638824
0.632809
0.580607
0.538895
0.478549
0.602478
0.393814
