0.553655
0.349654
0.680128
0.433286
0.501725
0.638176
0.570268
0.673932
0.628667
0.325266
0.645036
0.531461
0.696549
0.539642
0.67958
0.611457
0.406121
0.277281
0.618223
0.678283
0.654938
0.470459
0.63609
0.513141
0.667658
0.413084
0.609228
0.499602
0.643945
0.519721
0.495609
0.451117
0.616298
0.497986
0.501417
0.588361
0.525289
0.598951
0.609479
0.562518
0.650317
0.546132
0.695311
0.537588
0.442731
0.689361
0.435652
0.546596
0.635419
0.631634
0.404914
0.624413
0.663106
0.589135
0.600487
0.693042
0.673
0.562914
0.620745
0.476433
0.66584
0.676183
0.379169
0.635593
0.363904
0.612375
0.512038
0.559843
0.504168
0.481463
0.677657
0.39943
0.551352
0.692635
0.420399
0.690419
0.407807
0.570094
0.310925
0.50341
0.43792
0.686898
0.633965
0.68182
0.445876
0.379192
0.474398
0.57815
0.46717
0.55829
0.639337
0.641222
0.39672
0.640653
0.323756
0.636405
0.559365
0.530321
0.658242
0.553198
0.629164
0.447335
0.419186
0.494871
0.499853
0.562164
0.568416
0.610088
0.497086
0.648416
0.695303
0.629616
0.480129
0.579852
0.46469
0.64191
0.383995
0.660447
0.441719
0.437392
0.550472
0.463852
0.395145
0.635118
0.687348
0.309499
0.504115
0.648854
0.349581
0.288461
0.651043
0.514037
0.651643
0.433346
0.669203
0.601808
0.560345
0.636062
0.689052
0.666267
0.536893
0.620697
0.65111
0.615399
0.530471
0.382346
0.68885
0.61022
0.637911
0.378116
0.460708
0.5913
0.421706
0.564404
0.602394
0.590513
0.680317
0.429446
0.676407
0.668322
0.445879
0.592307
0.658388
0.553395
0.616377
0.654296
0.627836
0.40275
0.591449
0.605561
0.601786
0.439807
0.689215
0.437926
0.408089
0.58008
0.651703
0.475397
0.516383
0.545191
0.673223
0.588115
0.456943
0.55491
0.669007
0.635804
0.545809
0.683823
0.446285
0.52008
0.691144
0.677574
0.61478
0.576047
0.525145
0.404342
0.694915
0.525877
0.483429
0.304691
0.615925
0.645293
0.629784
0.500555
0.694624
0.622047
0.322857
0.659531
0.682121
0.69918
0.640054
0.686226
0.406607
0.592502
0.344682
0.544602
0.678941
0.60242
0.49127
0.693411
0.628173
0.578873
0.434711
0.374161
0.352058
0.690714
0.639189
0.650184
0.671224
0.524626
0.614475
0.667585
0.396605
0.538867
0.633613
0.574544
0.486535
0.312692
0.438957
0.521445
0.6422
0.606412
0.483122
0.49062
0.524089
0.668561
0.580501
0.408187
0.60599
0.506148
0.39802
0.679667
0.696076
0.462683
0.509594
0.638892
0.580213
0.269304
0.486832
0.639529
0.560905
0.697776
0.671911
0.492508
0.631596
0.462242
0.615059
0.694038
0.427011
0.496706
0.575639
0.503118
0.584382
0.681118
0.286742
0.686611
0.531293
0.312219
0.517665
0.667347
0.49775
0.608623
0.4241
0.643273
0.676835
0.611558
0.464391
0.653074
0.526494
0.589007
0.582742
0.698572
0.678979
0.69184
0.670631
0.602476
0.693149
0.537441
0.69561
0.557286
0.643351
0.446855
0.697389
0.469589
0.680339
0.442253
0.339616
0.373807
0.45252
0.691586
0.423268
0.327405
0.593581
0.634034
0.689433
0.681499
0.687599
0.600512
0.696013
0.444961
0.692005
0.695577
0.617705
0.613784
0.659012
0.586965
0.647837
0.636377
0.686234
0.682951
0.699842
0.578491
0.529058
0.611003
0.635552
0.670008
0.473218
0.594116
0.518252
