339
726.018 285.193 632.841 355.149 
437.811 299.409 432.637 325.791 
438.207 290.896 457.275 327.359 
814.889 467.711 577.574 417.67 
815.546 467.798 577.574 417.67 
609.115 482.503 491.113 415.843 
610.826 491.596 491.113 415.843 
608.759 486.863 491.113 415.843 
520.345 459.058 457.722 397.103 
811.47 467.905 577.574 417.67 
597.228 494.762 491.113 415.843 
680.402 252.971 538.688 319.88 
38.3103 537.794 631.243 425.327 
682.828 252.537 538.688 319.88 
420.924 316.377 423.884 331.23 
356.365 430.833 390.105 376.287 
385.427 338.982 407.411 339.565 
446.06 475.206 425.975 401.174 
355.631 430.669 390.105 376.287 
193.08 385.732 325.5 347.485 
97.2691 445.688 283.943 367.241 
683.862 252.134 538.688 319.88 
810.7 310.992 587.646 351.896 
406.035 365.916 412.828 350.711 
423.199 482.251 545.729 267.457 
656.068 286.33 523.903 333.304 
419.888 313.974 423.884 331.23 
681.33 252.218 538.688 319.88 
495.825 293.21 457.275 327.359 
420.163 313.317 423.884 331.23 
234.16 448.543 338.383 376.887 
739.958 433.042 548.788 400.708 
356.506 143.186 351.647 654.696 
405.706 354.589 414.534 346.41 
659.237 453.498 516.658 403.208 
680.111 339.029 538.688 319.88 
758.876 409.014 559.279 389.637 
298.895 370.371 370.453 346.657 
787.751 260.303 578.432 330.967 
298.831 366.338 370.453 346.657 
677.656 524.356 522.49 434.982 
659.181 452.883 516.658 403.208 
202.403 385.909 325.5 347.485 
786.396 261.394 578.432 330.967 
460.245 263.182 444.39 312.166 
761.184 408.524 559.279 389.637 
641.262 348.72 514.472 358.09 
706.676 305.602 544.012 344.18 
459.146 264.867 444.39 312.166 
781.397 266.022 578.432 330.967 
488.241 343.854 452.57 347.688 
338.128 398.444 383.484 362.032 
646.7 404.86 514.259 382.022 
709.795 303.644 544.012 344.18 
466.222 297.314 444.344 326.231 
591.696 384.576 491.5 369.987 
770.204 248.407 570.936 324.189 
639.855 486.533 506.432 417.016 
254.873 319.833 353.18 323.908 
28.5514 474.855 251.418 376.181 
531.93 334.893 468.451 347.898 
217.39 371.929 336.451 343.902 
318.619 372.983 378.246 349.524 
189.402 467.002 319.32 381.236 
252.42 289.372 352.735 310.256 
673.819 377.657 526.313 372.197 
746.568 303.827 558.73 345.186 
634.358 307.995 514.868 338.654 
362.685 336.987 399.467 336.887 
739.883 307.756 556.913 346.703 
417.412 355.786 343.065 446.163 
749.755 301.972 561.27 343.662 
423.715 264.915 429.379 310.676 
251.77 355.905 607.037 455.58 
634.08 303.916 514.868 338.654 
686.909 326.398 536.177 352.697 
478.95 403.469 444.317 372.043 
565.107 430.481 481.097 390.552 
635.538 303.402 514.868 338.654 
612.594 569.972 490.793 452.938 
310.929 428.113 372.245 372.875 
61.1988 517.034 678.608 414.485 
531.111 264.955 474.305 316.508 
404.635 418.034 410.313 373.235 
618.25 392.999 501.896 375.61 
616.882 352.228 504.871 358.634 
370.065 244.032 405.969 298.702 
589.551 419.044 488.803 385.454 
507.473 177.006 468.364 278.464 
73.5993 475.248 269.713 379.676 
620.412 400.524 501.896 375.61 
559.038 419.04 476.992 382.805 
337.252 284.506 391.049 313.52 
234.563 378.369 648.565 393.316 
812.72 440.897 579.251 406.094 
216.874 398.412 333.871 354.89 
361.855 302.808 400.411 324.64 
592.061 451.325 487.952 398.419 
518.041 349.104 463.372 351.85 
117.602 482.842 288.099 383.22 
618.167 444.861 499.068 396.53 
629.952 530.914 497.993 433.275 
358.04 358.936 395.668 345.91 
368.927 242.592 405.969 298.702 
496.095 319.388 455.173 337.219 
360.55 304.62 400.411 324.64 
189.209 419.13 322.483 361.727 
357.247 409.266 392.728 367.949 
673.031 432.45 523.045 394.786 
598.992 437.483 492.111 392.52 
274.394 306.701 139.201 585.608 
169.541 393.345 315.61 350.396 
784.744 112.742 586.163 267.234 
446.653 325.129 434.933 337.275 
508.753 418.317 456.228 380.164 
715.024 342.086 545.343 359.563 
598.061 244.891 502.851 312.618 
714.774 342.314 545.343 359.563 
144.067 364.22 304.582 336.343 
402.269 382.577 412.717 359.32 
425.048 327.264 423.696 334.792 
402.209 381.948 412.717 359.32 
668.246 304.941 529.619 342.397 
457.251 210.309 445.502 289.846 
510.829 420.12 456.228 380.164 
759.982 333.617 563.341 358.433 
670.258 114.219 538.575 261.372 
617.126 172.311 513.8 283.972 
597.466 244.203 502.851 312.618 
414.401 265.917 425.291 309.973 
71.5133 522.25 266.561 398.24 
189.515 268.765 331.872 301.341 
370.604 432.171 396.392 377.062 
684.284 422.656 528.886 392.843 
214.574 435.189 331.672 370.626 
717.922 437.36 540.592 400.365 
515.65 120.683 472.895 256.276 
618.797 175.479 513.8 283.972 
668.002 302.339 529.619 342.397 
176.702 431.111 314.51 365.326 
261.888 342.965 354.376 332.977 
485.146 238.84 456.328 302.732 
820.999 345.459 519.403 348.527 
50.7922 505.871 259.671 390.048 
592.056 468.999 487.149 406.809 
241.463 262.129 349.917 300.414 
724.133 212.238 556.727 306.787 
606.324 228.46 506.387 306.4 
241.894 401.776 344.816 357.354 
740.108 139.983 565.547 276.899 
702.161 222.866 546.341 307.907 
789.342 355.81 574.466 368.906 
592.959 472.054 487.149 406.809 
458.06 218.304 446.02 294.538 
277.971 130.634 373.944 245.634 
351.359 358.416 394.322 345.884 
556.567 503.055 365.052 233.23 
500.837 161.108 466.532 271.692 
305.736 266.507 378.784 305.165 
624.545 179.991 516.304 285.667 
558.665 383.027 478.16 368.767 
554.782 360.697 476.229 357.987 
597.767 134.336 508.748 266.634 
702.915 273.97 543.993 330.464 
477.779 170.412 456.659 274.301 
532.81 172.213 478.717 280.056 
396.399 451.939 406.273 386.988 
622.11 179.974 516.304 285.667 
590.821 261.694 498.022 317.806 
366.117 275.509 404.199 310.78 
709.91 270.85 547.03 329.09 
565.307 350.818 481.012 354.668 
179.661 317.204 268.487 528.144 
116.816 416.139 291.988 356.795 
240.404 214.746 352.722 278.516 
581.098 140.037 500.856 269.258 
297.325 290.541 372.946 314.035 
237.746 214.751 352.722 278.516 
273.431 408.947 356.87 362.813 
236.692 261.683 349.917 300.414 
556.326 360.937 476.229 357.987 
574.069 158.717 497.227 275.76 
593.18 471.827 487.149 406.809 
663.242 272.206 529.469 326.518 
626.236 308.977 319.715 289.534 
391.458 393.456 408.342 357.634 
723.269 468.5 539.815 413.371 
491.057 118.604 381.952 249.54 
708.438 112.865 553.781 263.724 
495.249 570.793 438.938 444.708 
156.232 316.526 254.017 552.067 
355.948 206.591 365.052 233.23 
638.47 446.813 507.952 399.433 
31.2512 311.027 259.88 307.26 
268.751 390.525 355.599 354.159 
521.753 381.925 462.751 366.433 
727.405 129.192 508.748 266.634 
55.9776 398.248 266.333 345.131 
779.172 229.196 576.69 314.568 
666.388 270.264 529.469 326.518 
651.363 186.181 527.955 288.399 
748.183 229.624 564.839 312.823 
728.171 228.469 555.665 310.758 
232.123 300.539 344.634 314.982 
157.85 395.334 384.797 268.368 
297.474 386.127 367.706 354.665 
135.265 446.868 297.632 370.516 
580.942 141.56 500.856 269.258 
213.742 435.469 331.672 370.626 
176.008 506.805 312.017 397.828 
74.5577 340.918 276.136 322.241 
156.362 395.013 384.797 268.368 
778.672 227.816 576.69 314.568 
267.386 243.551 360.701 290.097 
252.135 116.849 363.265 239.47 
485.626 128.399 461.06 257.098 
741.853 377.997 385.203 220.079 
264.085 266.36 360.207 301.511 
717.014 468.303 539.815 413.371 
400.237 586.618 400.12 446.809 
131.84 389.595 303.082 347.886 
211.478 211.748 340.997 274.974 
352.722 387.233 392.032 357.945 
85.8956 467.465 275.914 376.121 
683.85 397.225 529.687 381.744 
607.045 320.771 501.559 344.844 
264.339 146.699 369.497 251.117 
778.332 518.009 561.238 436.918 
531.139 449.875 561.386 379.63 
156.822 317.096 254.017 552.067 
594.753 150.393 508.001 271.888 
697.699 466.547 531.372 410.538 
38.3218 630.332 245.365 440.631 
700.511 484.593 530.148 417.996 
254.414 104.623 365.052 233.23 
579.922 149.766 499.888 271.837 
753.113 223.391 564.839 312.823 
675.471 146.532 538.366 274.386 
749.395 223.832 564.839 312.823 
374.096 450.547 398.395 386.184 
609.839 263.112 507.838 321.136 
133.495 402.563 300.624 351.954 
272.389 92.3924 372.781 229.25 
726.232 222.824 555.665 310.758 
434.45 220.147 436.252 293.928 
402.006 182.369 416.453 433.45 
288.016 310.775 367.971 321.914 
648.785 101.326 529.032 254.569 
301.124 412.161 370.861 364.867 
713.074 496.37 552.365 420.962 
177.925 476.893 313.918 384.73 
129.757 388.484 303.082 347.886 
724.663 593.927 574.95 462.619 
580.262 290.113 493.184 331.544 
586.914 348.009 491.481 354.742 
274.706 154.199 20.9906 213.979 
56.7584 426.975 264.09 357.093 
580.935 292.774 493.184 331.544 
335.742 649.989 369.163 467.161 
670.271 587.036 513.527 467.029 
662.409 149.719 533.934 276.568 
604.317 272.186 501.417 381.635 
500.746 433.505 92.8086 655.892 
693.318 193.818 542.88 298.388 
714.037 513.239 534.214 431.528 
201.71 307.739 331.19 316.455 
199.801 373.89 498.256 400.876 
358.454 175.735 405.034 269.577 
774.113 223.906 576.69 314.568 
14.2765 124.757 267.078 226.997 
539.663 86.543 487.666 243.622 
186.537 644.679 306.814 456.753 
656.834 148.089 532.005 273.849 
97.6932 611.236 272.342 438.727 
457.872 142.114 447.67 261.119 
484.018 141.392 286.042 531.895 
621.706 229.692 512.263 308.547 
541.298 84.7897 487.666 243.622 
815.853 68.8986 601.182 250.954 
503.617 570.629 436.526 614.255 
280.979 181.395 373.43 267.799 
552.811 408.218 500.589 281.205 
13.1318 30.7373 272.559 193.45 
331.057 186.972 269.713 379.676 
294.82 34.5781 649.626 428.355 
813.437 67.6525 601.182 250.954 
787.414 486.547 567.274 424.489 
696.121 188.348 542.88 298.388 
226.171 106.369 353.127 232.681 
293.004 644.147 350.865 462.352 
433.589 622.146 412.648 461.991 
345.529 507.182 90.0496 254.393 
372.272 253.799 669.667 447.035 
766.439 87.4927 833.006 296.098 
476.984 39.6494 171.466 199.114 
432.751 623.519 412.648 461.991 
543.27 315.498 618.536 326.95 
553.573 412.093 500.589 281.205 
103.735 598.699 274.94 425.998 
230.152 136.904 353.787 246.19 
211.131 648.59 316.743 458.594 
689.577 124.328 545.729 267.457 
443.291 120.91 441.196 248.352 
770.628 263.202 570.409 331.107 
166.236 504.949 622.57 335.432 
759.103 134.507 574.311 276.036 
647.911 80.8342 531.156 246.833 
14.0658 33.0811 272.559 193.45 
443.757 120.718 441.196 248.352 
716.753 385.695 818.542 433.361 
282.028 626.962 347.7 455.627 
676.151 74.4845 543.118 246.032 
803.565 85.1674 595.603 259.132 
177.241 155.855 695.505 665.675 
176.57 153.372 695.505 665.675 
527.154 525.058 552.365 420.962 
178.346 154.568 695.505 665.675 
355.904 59.8945 412.343 222.443 
749.314 468.799 649.557 429.165 
205.51 287.968 333.531 307.638 
329.248 177.352 229.301 611.687 
247.221 629.439 669.668 530.912 
206.5 290.341 333.531 307.638 
416.715 160.53 430.849 267.137 
583.826 167.242 741.898 466.435 
236.759 188.09 351.783 266.916 
549.269 618.582 464.52 468.548 
161.479 199.251 321.321 268.186 
71.8361 492.903 618.536 326.95 
445.009 96.7495 449.983 236.487 
124.003 255.238 767.142 438.64 
816.455 93.2913 599.718 260.608 
462.535 126.098 453.449 254.48 
408.323 239.947 552.365 420.962 
755.78 70.8191 574.044 249.93 
161.694 194.955 321.321 268.186 
692.068 78.5317 548.757 248.61 
433.238 453.115 422.739 389.884 
757.991 196.493 569.917 301.883 
