1488
901.622 906.007 126.386 849.256 
851.71 907.72 72.0786 849.777 
900.909 905.952 126.386 849.256 
1675.06 945.931 892.817 900.179 
1678.35 925.998 896.508 881.332 
1631.18 884.852 855.426 841.684 
1631.26 884.995 854.926 841.345 
1668.73 907.04 889.442 863.505 
909.968 900.946 135.978 843.695 
578.976 713.796 1693.18 932.247 
894.172 900.91 118.658 843.357 
940.378 474.991 185.613 404.178 
940.584 475.726 185.759 404.563 
1432 554.633 679.975 514.661 
578.658 715.127 1693.18 932.247 
892.375 910.94 116.245 854.266 
1428.98 556.758 676.387 517.31 
1188.68 681.727 433.912 628.781 
1540.15 904.852 768.671 859.047 
1441.94 532.051 690.856 492.77 
1237.92 737.781 481.361 687.078 
1698.64 907.145 915.849 863.698 
1192.85 673.135 437.342 622.385 
1581.6 712.278 815.385 673.467 
1441.43 532.722 690.304 493.121 
1340.41 907.36 575.728 858.246 
1160.47 558.297 408.676 506.173 
1202.92 665.232 449.99 612.599 
907.495 910.387 133.372 854.147 
1255.63 676.296 501.542 626.15 
1676.64 958.665 893.092 912.095 
1258.32 677.715 501.542 626.15 
1677.5 959.038 894.904 912.857 
1690.39 937.331 906.933 892.391 
1519.08 639.231 762.012 600.984 
1688.74 936.701 905.091 891.684 
1172.21 548.326 423.722 492.846 
1683.72 907.288 902.152 863.533 
1340.56 908.569 575.882 859.555 
1460.09 894.01 692.04 846.313 
1460.53 895.059 692.521 847.957 
801.254 417.616 1003.38 612.854 
1319.6 644.289 566.48 597.684 
1524.02 636.789 765.501 599.33 
1367.37 805.573 606.177 758.138 
1645.74 888.968 868.165 845.545 
1216.67 637.649 463.055 588.619 
1454.45 535.36 702.971 496.224 
1377.36 917.254 611.73 868.44 
1377.32 916.748 611.73 868.44 
1642.82 888.997 868.165 845.545 
1426.06 530.951 675.663 490.802 
1223.45 696.453 468.888 645.039 
1368.03 804.7 606.828 757.498 
921.009 458.641 166.811 385.136 
1427.05 532.084 676.681 492.038 
1365.6 564.167 615.209 520.083 
840.561 438.707 79.4606 358.695 
1662.27 934.526 882.19 889.033 
1289.17 1177.76 502.692 1125.11 
952.018 449.701 198.637 378.526 
841.178 438.11 79.4606 358.695 
1457 547.593 704.766 508.739 
1138.9 520.411 389.337 463.666 
1660.84 938.105 881.676 891.3 
842.897 433.83 81.3927 354.762 
844.727 430.661 84.0538 350.46 
918.567 458.498 166.811 385.136 
1377.94 788.632 617.181 741.806 
1397.97 805.141 635.964 758.291 
1380.49 804.433 616.595 757.663 
1222.48 699.023 467.968 646.807 
1342.29 610.888 590.266 564.912 
1273.32 684.542 521.214 635.214 
938.181 930.935 163.947 875.259 
858.718 912.436 80.2158 854.832 
1396.67 804.886 634.025 757.701 
846.112 429.385 85.5804 349.548 
1464.28 917.211 695.741 870.084 
851.132 421.369 91.5208 340.466 
982.021 899.686 212.189 843.929 
1642.13 942.222 863.274 896.576 
1446.91 910.379 679.285 862.641 
892.301 459.766 134.046 382.707 
1344.8 623.281 592.159 577.273 
1547.79 900.532 776.195 855.158 
100.886 920.839 953.478 913.87 
950.887 467.66 196.442 396.94 
890.941 458.633 134.046 382.707 
1390.37 900.619 624.555 850.46 
1344.85 624.089 591.94 578.072 
1693.16 730.885 919.036 695.999 
1493.79 917.672 724.107 870.868 
1295.32 920.244 530.745 870.142 
1414.43 530.486 663.984 489.446 
1106.18 930.871 340.239 877.763 
1045.13 658.805 286.682 599.111 
980.268 400.516 231.591 329.021 
989.338 380.44 716.852 531.909 
1280.27 659.033 527.001 610.08 
1412.69 529.524 662.429 488.141 
1419.3 934.7 651.947 886.568 
1213.75 702.158 458.817 650.814 
987.741 379.228 239.436 307.74 
374.048 731.515 1443.38 540.12 
833.76 910.516 53.6373 853.176 
1483.15 900.704 714.357 853.963 
1045.14 441.453 297.87 350.288 
1111.38 392.93 367.698 331.653 
1044.5 491.823 293.608 428.09 
1594.22 732.867 827.598 694.816 
1600.57 726.047 833.344 688.295 
1551.34 676.1 789.662 638.663 
1126.86 415.356 382.743 355.809 
940.048 928.014 165.904 872.237 
1618.33 706.062 851.316 669.122 
1684.21 724.241 910.989 689.303 
868.016 910.764 89.8274 853.712 
870.072 908.618 92.0395 851.743 
1298.06 831.709 536.949 781.995 
1119.49 421.378 373.07 361.468 
939.623 925.704 166.093 870.102 
1470.99 812.694 706.145 767.885 
1479.24 910.735 710.374 863.91 
1363.56 905.581 597.984 856.916 
1281.11 1162.44 494.32 1110.07 
1100.32 384.238 357.418 322.019 
1650.28 926.28 870.774 881.36 
1588.49 926.764 813.767 882.134 
831.861 908.133 51.0825 851.023 
1204.49 708.199 449.916 655.919 
981.955 912.717 211.584 857.422 
982.043 904.122 212.033 848.443 
874.695 908.062 97.3175 849.944 
1018.99 936.44 248.599 882.413 
1684.04 714.423 911.494 679.991 
1610.91 695.47 844.523 659.48 
1682.56 915.102 900.777 871.263 
946.931 426.33 194.731 354.862 
1030.53 899.544 262.686 844.42 
998.217 899.711 228.989 844.077 
949.448 940.144 175.337 885.507 
1124.35 416.737 379.948 357.02 
1077.18 931.453 310.313 878.181 
1321.24 912.361 556.949 862.613 
874.865 919.158 96.9659 862.432 
1001.77 370.235 254.11 299.379 
1584.43 731.686 818.615 693.552 
1046.23 391.696 300.697 325.469 
961.568 907.393 190.589 851.644 
1010.28 930.322 240.399 875.782 
1045.31 594.551 289.3 533.419 
984.253 497.842 230.518 430.268 
879.283 909.564 102.531 852.007 
1014.88 495.064 262.841 429.587 
1527.36 895.254 757.184 850.065 
1403.91 798.368 641.857 752.367 
997.07 935.114 226.843 880.501 
1337.87 916.239 573.732 866.653 
968.822 917.62 198.021 862.028 
1361.88 796.57 601.238 749.88 
1011.51 898.58 243.038 843.118 
1213.01 689.847 458.622 637.924 
1198.38 690.202 444.178 637.496 
1308.13 905.137 544.219 855.206 
874.702 896.96 97.8651 841.365 
937.547 899.097 163.694 844.406 
1581.77 732.805 814.503 694.315 
952.721 931.558 179.805 876.248 
1353.02 577.553 602.22 532.431 
1433.74 522.75 683.475 483.215 
923.044 904.062 149.106 846.859 
1651.9 940.734 872.498 895.026 
1199.16 690.728 444.178 637.496 
1565.93 721.917 801.16 683.324 
978.768 921.042 207.561 866.328 
1143.89 534.186 394.706 477.147 
1143.04 533.729 394.706 477.147 
1455.21 916.862 686.99 869.52 
1439.71 796.785 676.464 751.783 
935.087 937.106 160.379 881.048 
1334.01 917.963 569.702 868.079 
1433.82 914.574 666.26 866.562 
1144.9 538.723 396.901 481.671 
1281.71 907.248 517.885 856.956 
1663.2 960.102 880.628 913.367 
1148 538.257 396.901 481.671 
1043.55 893.706 276.689 838.92 
922.226 903.943 149.106 846.859 
1475.01 581.96 720.81 543.444 
923.973 928.451 149.693 872.501 
1281.53 1167.71 495.382 1114.98 
1335.35 904.097 571.153 854.644 
1309.3 914.704 544.277 864.938 
1130.38 944.454 364.492 891.843 
1287.6 665.112 533.101 617.422 
1065.52 932.41 298.058 878.811 
1050.17 887.993 284.161 833.028 
1232.57 741.267 475.969 690.678 
1643.77 949.19 863.686 903.145 
998.479 913.066 228.96 857.914 
1177.91 658.492 424.979 604.754 
920.089 903.406 146.1 846.732 
896.345 931.136 120.528 874.65 
1436.8 914.078 669.239 866.15 
1334.48 909.353 568.463 860.458 
1057.89 362.823 313.819 296.209 
1036.72 923.232 268.58 869.006 
1607.24 942.929 834.696 897.549 
1050.57 923.242 283.052 869.075 
1334.27 919.688 569.702 868.079 
554.167 561.547 1443.38 540.12 
1423.69 803.148 661.178 757.114 
875.072 929.935 97.7113 873.525 
981.155 883.767 211.565 827.649 
930.505 942.344 155.892 886.812 
1327.04 901.721 564.73 851.932 
791.142 392.887 26.3819 305.608 
1463.16 929.716 694.38 882.135 
1137 729.242 377.922 717.169 
948.62 903.226 178.373 848.325 
1173.85 677.267 417.336 624.02 
1177.62 610.89 426.128 556.706 
1171.5 677.809 417.336 624.02 
1351.75 892.391 587.753 843.396 
916.691 916.432 141.827 860.639 
1662.57 900.253 883.962 856.328 
1224.36 708.337 469.005 657.402 
1649.97 973.169 871.834 928.007 
1478.76 917.09 709.825 869.882 
1552.49 716.142 789.091 676.998 
1014.5 520.103 261.443 455.356 
1550.33 694.646 787.429 656.354 
1051.26 613.599 302.995 382.706 
1031.19 518.862 278.186 454.988 
1313.39 915.66 549.407 865.828 
955.573 505.593 200.012 436.52 
1011.82 913.662 242.565 858.868 
1330.07 900.722 567.916 850.825 
951.165 907.562 178.373 848.325 
968.781 932.605 197.057 877.137 
1051.29 408.756 300.276 447.402 
1177.48 612.393 425.556 560.784 
1375.2 564.489 624.395 520.436 
1051.03 665.061 292.865 605.455 
1663.54 792.852 889.5 754.281 
1002.09 922.175 232.239 867.643 
1676.5 700.579 905.125 666.967 
1397.97 546.002 647.916 503.793 
1298.52 877.275 535.658 827.599 
1081.5 931.043 314.644 877.505 
1280.18 922.673 516.004 872.249 
1177.28 597.089 426.571 542.765 
1158.14 556.873 408.419 500.804 
1411.16 900.767 644.913 852.825 
1672.29 887.482 891.18 846.958 
926.752 927.987 152.674 872.076 
1018.69 920.919 250.009 866.135 
1045.67 932.332 277.868 878.262 
1504.07 919.493 733.263 872.819 
1323.03 903.029 559.115 853.65 
490.941 573.142 1405.54 523.045 
1634.84 870.013 859.383 827.149 
1423.88 888.382 657.114 840.938 
1628.86 863.135 854.374 820.678 
999.735 495.562 246.871 428.846 
1019.54 892.54 251.676 837.029 
1628.81 863.545 854.374 820.678 
1322.67 920.914 556.605 871.396 
1534.3 744.623 770.578 703.833 
1444.25 864.206 679.197 817.782 
1424.76 885.433 658.964 838.176 
1547.87 746.702 783.178 706.37 
1669.98 890.54 891.18 846.958 
1567.63 731.789 802.435 692.756 
1454.5 801.439 690.892 757.156 
1445.06 866.147 679.073 819.765 
1662.83 894.305 885.336 850.975 
982.138 639.566 221.814 576.27 
1598.95 739.412 831.78 700.859 
1444.64 863.986 678.797 816.979 
1540.22 678.526 775.259 640.773 
1645.03 914.044 867.232 869.686 
970.99 938.455 197.481 883.394 
1517.74 899.815 747.179 853.385 
1046.27 932.494 277.868 878.262 
1430.88 901.706 663.991 854.127 
1018.95 829.898 282.61 429.342 
86.2608 870.851 858.436 910.963 
1176.23 693.619 420.767 640.048 
1508.01 903.405 738.06 857.098 
990.625 891.928 221.173 836.25 
1093.53 930.797 327.189 877.245 
1527.43 666.84 768.036 627.49 
1668.2 894.103 887.779 851.609 
1164.72 903.803 400.737 851.013 
972.998 888.553 202.931 832.465 
1632.7 949.761 851.324 902.891 
1542.37 720.154 779.083 680.708 
1137.6 771.366 377.922 717.169 
1298.3 865.863 535.944 816.171 
1019.84 892.549 252.048 837.253 
1013.22 819.502 247.57 762.281 
952.379 820.05 183.46 761.149 
1367.19 850.801 604.154 803.213 
1551.36 723.259 788.608 684.128 
1172.74 653.09 419.085 599.431 
1292.69 909.48 528.821 859.219 
1077.85 882.589 312.561 828.183 
1546.26 712.559 782.247 673.581 
1176 576.419 426.015 521.81 
1015.23 921.677 246.234 866.934 
1015.2 793.692 250.421 735.895 
1148.76 661.164 394.46 606.275 
1408.93 899.232 642.444 851.773 
999.521 869.482 232.046 813.122 
1156.14 939.529 391.279 887.404 
1562.1 698.127 798.834 659.861 
1174.58 903.398 410.714 851.52 
1417.62 525.395 667.343 484.772 
858.85 932.171 79.4473 876.427 
1170.58 580.817 420.446 525.487 
1486.74 804.337 723.112 760.308 
1030.85 688.327 270.922 629.035 
1038.96 874.338 275.456 738.864 
1093.98 921.91 328.264 868.42 
1174.17 634.827 421.884 580.784 
1307.53 722.376 550.981 674.019 
1156.1 553.224 406.94 497.458 
1161.96 892.387 399.19 839.704 
1279.48 1180.69 492.098 1128.7 
1423.57 873.881 658.221 826.846 
1004.06 816.076 238.023 758.504 
853.343 830.047 78.4363 744.05 
1136.58 813.737 375.14 759.896 
1163.41 745.262 406.361 691.372 
1550.61 702.019 787.92 663.608 
1434.17 899.711 666.8 852.809 
844.73 592.44 73.6561 594.288 
1160.59 916.235 396.381 863.761 
1223.94 729.108 467.965 677.94 
1497.77 928.083 727.959 880.956 
1626.96 898.371 850.902 854.429 
1080.95 912.654 314.833 858.868 
1571.77 734.415 805.125 695.162 
1224.52 919.732 460.644 868.323 
1189.77 907.142 425.728 855.115 
1059.58 912.056 293.362 854.619 
900.029 449.222 142.923 374.51 
1051.42 941.883 282.579 888.241 
923.443 918.54 148.988 862.527 
1104.79 942.264 338.974 889.079 
1385.77 565.172 634.896 522.631 
1013.05 549.283 258.472 485.228 
950.757 479.026 196.033 408.218 
1223.78 729.102 467.965 677.94 
1279.34 1179.74 492.098 1128.7 
1201.55 907.201 437.792 855.295 
853.125 806.131 78.4363 744.05 
1031.39 484.511 279.828 420.034 
1562.89 704.779 799.521 666.34 
1594.33 804.905 824.511 764.048 
1028.95 505.834 276.384 442.288 
938.25 489.384 183.577 418.338 
1039.04 809.051 283.002 552.957 
1353.89 882.074 589.882 832.74 
1015.63 689.036 254.173 629.021 
1507.87 676.799 748.93 637.557 
1171.86 587.337 419.852 532.938 
953.904 480.063 199.333 410.358 
984.119 551.726 227.201 485.792 
1541.54 726.659 778.518 687.227 
1000.53 575.622 243.542 511.391 
809.875 918.018 26.4535 859.793 
1143.66 723.862 385.816 680.055 
1051.64 485.071 301.043 421.668 
1276.72 825.192 516.142 775.376 
1252.48 778.887 494.972 728.707 
1376.36 929.378 610.668 880.393 
1423.82 873.585 658.122 826.269 
1519.07 897.259 748.337 851.221 
1545.51 695.093 787.429 656.354 
1177.74 644.347 424.997 591.207 
1039.83 678.437 276.969 713.061 
1261.15 905.899 497.353 854.865 
1537.02 669.166 776.98 631.63 
1277.09 838.923 516.095 788.85 
1536.76 679.272 775.259 640.773 
990.441 891.929 221.173 836.25 
1030.86 829.909 265.04 772.849 
1298.4 731.504 541.144 682.803 
1646.23 714.832 876.748 678.883 
1459.23 794.218 695.716 749.308 
962.991 510.019 207.808 441.518 
1440.66 916.086 672.969 868.635 
1184.8 725.88 428.744 672.664 
1016.21 587.735 258.619 524.637 
1503.33 929.978 732.19 880.356 
1013.05 677.505 252.942 616.773 
1158.52 750.163 400.51 696.44 
983.277 510.292 228.482 443.588 
1436.83 833.605 671.529 786.29 
891.481 444.509 134.495 368.559 
863.968 930.84 84.5004 875.741 
1662.34 802.183 887.823 763.234 
983.165 486.436 229.459 418.791 
1503.47 910.444 733.951 863.64 
947.795 836.288 178.275 777.963 
999.825 487.264 246.746 420.661 
992.784 929.722 222.769 874.906 
792.518 401.729 28.8009 314.948 
1287.97 748.032 530.244 698.635 
1123.51 439.904 378.683 380.594 
1224.03 919.454 460.222 867.638 
1225.82 807.033 465.807 756.101 
793.798 401.184 28.8009 314.948 
1242.64 911.432 479.18 860.045 
860.858 449.259 101.336 370.429 
1376.53 929.743 609.792 881.147 
1508.34 672.651 748.93 637.557 
1287.96 900.771 524.492 850.779 
1127.48 462.402 380.618 403.606 
1039.91 448.071 293.456 330.766 
1423.99 896.171 658.168 848.228 
1498.22 929.758 727.288 882.437 
1402.02 769.38 641.829 723.894 
963.202 466.523 209.119 396.53 
981.507 829.95 214.796 772.331 
1299.08 719.762 542.319 671.12 
839.907 458.229 78.1256 378.592 
1031.05 510.074 278.127 446.423 
971.895 911.12 201.133 856.068 
1165.28 897.431 401.38 844.996 
1030.4 502.841 277.722 438.187 
1143.91 734.395 385.126 711.996 
1054.49 853.603 289.054 798.232 
981.982 428.722 231.141 358.86 
1540.1 721.932 779.083 680.708 
1519.52 941.975 749.225 894.302 
1383.45 878.218 618.929 830.16 
1168.07 691.464 413.116 637.647 
1167.89 901.776 401.38 844.996 
1049.9 932.264 283.021 879.021 
1017.78 742.222 255.174 683.254 
1176.22 593.715 425.417 540.367 
1403.09 607.295 672.687 529.852 
1053.95 840.702 289.458 784.855 
1126.99 475.523 380.146 416.375 
1539.2 730.937 775.25 691.284 
1029.1 505.892 276.384 442.288 
1039.96 410.417 290.768 382.989 
1519.43 660.318 759.437 621.736 
1542.78 730.876 780.158 690.979 
807.086 487.766 41.1818 396.429 
1039.2 795.836 272.688 819.314 
1342.1 806.468 581.103 758.445 
935.7 866.735 161.433 809.002 
1562.4 690.695 799.612 652.611 
1142.79 901.319 378.688 849.312 
1126.98 450.344 380.754 391.801 
1079.75 842.76 319.661 668.529 
1371.39 794.172 610.709 747.017 
1039.78 653.015 281.64 592.939 
807.947 434.425 44.3957 339.746 
1014.22 841.559 247.764 785.174 
1628.74 831.845 855.197 790.701 
1252.67 717.754 497.187 667.722 
1399.88 762.214 640.477 716.766 
1115.2 906.234 350.437 852.92 
1404.11 890.429 637.781 841.736 
1350.19 801.504 589.873 753.946 
1055 722.422 293.645 704.381 
1328.36 802.139 568.459 753.864 
1636.93 693.395 868.084 657.312 
1148.09 562.15 398.084 506.06 
1334.72 936.119 569.313 885.031 
1295.34 754.629 537.566 706.111 
1003.99 892.103 235.369 836.128 
1149.46 729.151 392.54 675.049 
956.586 497.413 201.167 427.946 
1502.89 629.375 746.06 591.236 
1481.72 746.896 720.218 707.012 
1116.1 582.916 363.931 524.668 
1503.25 603.369 746.787 565.708 
1252.54 768.45 494.805 718.133 
1138.39 652.167 384.218 596.618 
1015.32 646.713 256.826 585.301 
1030.83 844.511 266.973 733.607 
1173.18 629.762 421.046 574.888 
1157.93 697.404 402.456 642.98 
1370.41 920.651 604.744 871.368 
1623.91 712.051 856.298 674.834 
929.86 784.098 161.238 723.427 
947.056 825.698 177.342 766.92 
976.404 424.619 224.739 354.768 
1293.83 897.485 530.107 847.596 
1127.25 438.671 381.623 379.514 
1503.99 923.112 732.19 880.356 
993.014 826.541 225.99 769.018 
1039.99 690.85 277.804 697.572 
1436.18 616.41 628.142 581.743 
976.386 932.792 204.47 877.308 
1151.75 561.973 402.27 506.56 
1275.97 881.565 513.522 831.68 
916.809 449.979 161.622 375.75 
1085.1 941.372 318.042 887.927 
1380.87 580.128 628.818 554.568 
1305.04 931.688 540.51 881.34 
1256.92 931.926 492.721 878.205 
1591.96 880.804 818.664 836.325 
1155.1 917.437 390.505 864.976 
1208.72 853.27 447.952 802.061 
1344.73 810.774 583.942 762.764 
1114.96 911.341 349.883 858.588 
1031.84 622.074 266.851 760.362 
1380.35 570.951 629.715 527.68 
973.674 953.022 200.644 900.031 
1404.44 911.535 639.13 862.877 
864.379 939.138 84.1914 883.321 
1148.18 568.368 397.426 512.338 
1680.83 794.934 905.884 756.91 
1592.58 871.859 818.669 828.984 
1158.01 636.832 404.237 581.586 
1048.79 408.416 301.744 342.753 
1163.96 941.328 392.232 889.455 
947.143 685.708 183.683 597.927 
1689.87 824.996 912.215 785.425 
1174.09 624.524 421.961 570.616 
1014.73 431.489 265.383 364.29 
1342.97 930.393 578.812 880.943 
983.686 595.221 224.775 529.935 
1273.67 935.739 509.183 885.513 
1399.2 913.721 633.267 865.113 
1131.12 702.669 372.021 700.951 
955.218 547.839 197.782 480.657 
855.56 930.604 77.3139 872.395 
911.164 930.12 134.792 874.327 
1548.15 756.733 880.638 714.685 
1651.91 751.5 880.638 714.685 
1035.99 670.248 277.296 610.829 
983.736 817.293 217.171 759.654 
1126 893.182 361.419 839.97 
1654.76 756.34 882.906 719.539 
1162.98 703.338 407.27 649.302 
1094.85 909.997 329.481 856.836 
1273.7 898.009 510.236 847.6 
1602.73 883.911 824.867 841.346 
949.906 698.103 185.87 635.286 
1511.72 796.132 745.546 752.65 
1524.18 925.043 753.012 877.707 
1468.82 588.92 713.756 550.125 
818.334 766.634 41.6837 701.62 
837.393 800.356 61.397 737.593 
1344.07 930.746 578.812 880.943 
1209.62 826.279 449.176 774.612 
898.09 894.06 123.062 836.776 
1618.41 799.835 847.289 759.796 
1039.92 587.706 284.411 525.829 
1279.66 961.816 511.982 915.952 
1250.25 888.285 487.556 837.465 
1659.95 756.621 887.632 719.987 
1051.65 841.928 288.524 745.971 
1055.28 683.86 293.645 704.381 
1134.5 669.179 378.669 613.796 
1084.83 593.715 330.87 533.892 
1277.48 897.161 513.677 847.082 
1374.52 881.808 610.666 833.479 
246.349 917.399 1160.88 741.871 
1475.33 867.182 708.735 820.758 
1126.32 494.32 378.005 435.806 
1151.46 935.078 385.687 882.401 
1048.55 472.213 298.843 408.037 
822.877 934.632 39.5851 878.317 
1522.25 801.62 756.591 759.246 
1179.24 927.677 414.783 875.471 
1257.28 727.779 500.408 677.803 
837.767 414.906 77.0958 332.683 
1608.54 882.508 835.128 839.277 
991.508 519.927 236.873 454.025 
830.154 935.677 48.8739 877.178 
846.191 928.383 64.6328 871.854 
857.64 929.047 77.3139 872.395 
1010.98 889.469 242.833 834.521 
1155.68 689.826 400.033 635.54 
1253.24 737.728 496.785 687.422 
1458.92 635.088 702.597 594.817 
1148.55 697.29 393.258 642.869 
1600.23 885.081 827.994 840.171 
1209.56 894.848 446.985 843.541 
1271.48 892.535 507.224 842.064 
1125.66 494.527 376.958 435.855 
859.016 921.942 78.6849 865.188 
1142.35 937.326 378.474 885.125 
963.504 935.496 191.075 880.822 
1225.08 736.099 468.396 684.269 
1036.05 864.998 269.74 809.293 
1194.77 895.699 432.148 844.014 
1555.45 784.801 788.822 743.619 
1370.37 607.639 651.857 519.96 
1478.95 961.017 514.601 907.281 
1079.74 725.568 319.661 668.529 
1269.31 890.208 505.756 838.831 
1310.14 933.315 545.128 883.404 
1681.81 825.105 897.443 786.513 
1018.65 505.597 265.183 437.794 
1145 661.637 390.861 606.224 
886.546 638.529 118.677 620.245 
1105.68 909.229 340.597 856.102 
1031.72 535.33 278.102 471.863 
1130.6 568.799 378.804 511.719 
946.331 802.254 177.583 742.726 
993.445 636.759 233.348 573.999 
1116.4 770.258 359.107 639.491 
1141.33 649.16 386.813 594.18 
1271.49 935.786 507.581 885.432 
1651.43 780.332 879.279 742.343 
1224.26 735.964 468.396 684.269 
1237.08 707.922 482.318 656.133 
985.326 926.987 214.587 871.937 
1197.14 757.198 439.262 705.4 
1143.21 685.234 387.156 630.21 
1382.83 779.481 622.847 731.591 
937.956 648.599 177.606 535.367 
1055.49 761.667 293.645 704.381 
1164.72 955.976 403.244 904.248 
819.874 777.066 42.8773 712.208 
1189.99 764.361 432.607 711.494 
819.064 485.668 53.9192 406.788 
1458.33 625.713 702.318 585.225 
1259.23 881.988 496.573 831.685 
1072.87 927.716 306.29 874.329 
1338.58 654.449 584.882 607.517 
1221.18 754.345 464.079 701.046 
929.308 842.926 159.218 784.513 
1124.07 463.897 377.673 404.778 
1164.86 955.817 403.244 904.248 
1125.85 433.995 380.639 374.7 
1039.24 601.778 280.914 605.774 
1512.67 885.801 744.688 839.58 
937.836 672.795 174.387 608.483 
883.153 1223.07 562.243 1170.89 
974.265 927.876 202.186 872.373 
1125.03 488.773 377.673 404.778 
1409.97 908.378 643.831 860.164 
981.349 729.273 217.288 668.351 
1071.03 890.794 305.709 836.624 
1156.25 562.459 406.586 507.163 
1080.75 946.402 312.829 893.314 
956.05 484.37 201.355 414.52 
1570.91 777.771 803.593 737.427 
959.799 537.948 202.579 470.319 
831.829 453.885 68.2917 373.523 
959.562 559.228 201.842 492.449 
1503.44 543.945 749.815 505.015 
987.427 415.347 237.892 345.124 
1356.05 901.042 591.054 852.482 
960.11 864.802 189.734 809.422 
881.611 939.075 102.054 882.926 
1170.75 701.357 414.141 647.64 
960.197 537.962 202.579 470.319 
960.705 864.902 189.734 809.422 
954.367 483.943 201.355 414.52 
974.218 791.879 207.886 732.981 
1435.43 561.679 672.687 529.852 
972.174 906.377 200.863 849.836 
1250.48 861.101 489.139 810.439 
955.208 707.092 191.45 644.843 
1437.59 700.026 637.2 645.628 
1652.14 691.826 883.342 656.723 
223.822 954.179 1329.3 1034.16 
1268.26 672.781 514.681 622.226 
1317.17 946.369 563.75 896.138 
1141.67 827.307 380.389 773.849 
1087.5 593.628 331.212 534.318 
1619.73 841.048 846.789 799.017 
976.561 418.119 225.776 347.595 
1189.97 854.113 428.833 802.289 
799.128 929.44 13.2004 872.201 
1438.67 764.692 677.828 720.278 
1338.82 738.021 581.692 690.647 
1158.96 925.857 394.29 873.78 
1493.13 890.26 724.379 844.136 
883.604 1223.67 562.243 1170.89 
1166.02 933.793 399.752 882.321 
1096.23 595.364 343.584 537.266 
1509.74 890.173 740.771 844.497 
1404.42 681.193 659.281 610.7 
927.379 917.084 154.201 860.81 
1233.57 903.146 472.179 852.098 
1314.47 796.25 556.582 748.132 
819.273 626.189 47.2318 578.731 
1193.03 881.598 430.366 829.704 
1538.75 775.622 774.105 734.11 
1171.13 658.985 417.589 605.181 
811.998 941.058 26.899 883.958 
837.487 776.592 62.3301 712.373 
1077.16 944.04 310.464 890.757 
982.376 525.844 226.814 459.2 
1650.79 755.471 878.811 718.234 
1051.75 802.599 288.524 745.971 
1131.41 797.728 372.736 690.589 
1515.23 948.319 743.542 900.514 
1391.34 570.752 640.51 528.158 
1435.95 811.218 672.738 765.493 
956.322 866.668 186.129 808.615 
1048.3 574.509 293.482 512.719 
1591.34 859.311 817.009 819.001 
1083.69 946.489 312.829 893.314 
997.848 425.057 248.144 355.685 
1046.76 472.326 297.081 408.31 
1403.46 653.494 668.964 656.19 
1250.86 847.252 489.139 810.439 
1524.67 802.066 758.649 759.552 
1027.48 651.178 268.606 590.436 
805.246 903.157 22.497 845.295 
1048.49 782.394 290.228 618.467 
1273.74 909.158 510.969 858.529 
835.438 920.094 53.7333 863.203 
1258.7 825.558 497.906 774.725 
1049.8 421.714 302.412 356.548 
1049.44 690.783 290.228 618.467 
1076.49 437.046 324.978 465.043 
818.917 928.076 34.9899 870.616 
1314.18 930.713 549.079 880.711 
1155.21 866.453 395.781 812.215 
974.146 649.712 211.483 584.734 
960.246 516.571 204.265 448.583 
1387.97 779.049 627.73 733.147 
1624.41 744.084 855.145 705.95 
1462.78 526.095 712.109 486.502 
1000.81 517.971 246.964 452.104 
1085.33 400.347 341.892 341.576 
1566.94 914.344 794.865 868.378 
1143.57 832.379 382.657 779.239 
1325.93 826.579 564.292 778.488 
918.267 443.558 163.512 369.644 
1064.05 645.37 306.662 585.529 
1297.77 855.651 535.448 806.209 
1598.97 760.572 827.574 720.194 
934.649 497.446 179.429 426.587 
829.501 806.719 52.9181 744.116 
1169.01 729.274 412.833 675.943 
1259.22 882.478 496.508 832.117 
1379.28 797.987 618.233 751.24 
1062.5 657.78 304.907 598.221 
1227.36 894.879 465.07 844.082 
1170.92 862.673 408.494 810.174 
848.247 799.669 74.7942 687.433 
1244.85 904.789 481.362 853.845 
1139.23 867.463 355.19 816.302 
1080.57 868.956 315.9 814.288 
1172.15 912.508 407.5 859.916 
1116.13 485.992 362.1 428.3 
1092 892.579 326.74 837.511 
938.12 625.719 177.606 535.367 
1220.71 888.938 457.469 837.519 
1133.04 674.512 376.877 619.079 
997.955 457.642 245.95 390.869 
1553.25 758.987 788.071 719.05 
1460.14 786.004 697.06 742.405 
1561.86 862.766 790.545 819.751 
1437.92 708.763 679.518 674.854 
1028.94 707.162 106.524 532.707 
1158.22 771.53 399.402 718.054 
1061.81 841.361 297.332 785.454 
839.21 587.642 72.8879 490.043 
1246.18 770.399 488.668 720.18 
984.668 434.89 233.878 365.483 
1359.65 602.227 606.138 558.746 
1518.72 803.388 752.377 760.544 
837.618 462.517 74.1744 384.483 
1508.3 896.827 739.97 851.187 
1609.18 710.614 841.336 673.641 
1554.37 922.133 782.56 876.386 
1108.29 606.11 354.537 548.263 
1001.05 524.792 247.035 459.021 
1048.5 742.585 287.178 672.129 
1516.43 755.803 752.992 713.922 
1131.35 766.175 373.132 669.077 
974.988 587.125 216.585 523.542 
1462.97 949.538 693.171 901.262 
1156.77 880.74 393.94 827.508 
1128.9 592.108 375.815 534.986 
1076.23 525.797 324.978 465.043 
1054.89 529.019 301.052 493.069 
1218.49 875.048 457.181 782.593 
1092.05 892.079 326.74 837.511 
1048.71 677.864 290.228 618.467 
970.331 871.158 200.333 813.113 
1160.95 928.928 395.856 876.934 
1080.11 582.266 326.869 521.932 
1050.55 548.926 296.817 486.577 
1227.49 880.996 497.775 802.885 
1633.97 937.562 855.873 891.698 
1259.38 866.789 497.775 802.885 
1414.95 816.642 651.976 771.499 
1250.7 833.645 489.139 810.439 
959.732 686.787 196.532 623.215 
1049.3 446.768 301.251 382.097 
954.971 710.393 191.45 644.843 
1315.96 836.733 554.543 787.2 
1051.77 828.647 287.068 786.099 
1076.44 499.868 324.978 465.043 
1050.56 523.082 298.9 460.304 
1559.63 810.351 791.95 768.39 
829.578 926.429 47.7587 869.103 
1651.07 847.403 875.107 806.141 
992.405 482.1 238.827 414.033 
1156.69 881.107 393.94 827.508 
888.024 931.015 110.945 874.645 
996.837 954.231 225.842 900.228 
852.11 467.062 87.7065 389.87 
1289.68 727.826 533.212 678.819 
759.055 794.914 15.8413 656.614 
1618.83 858.532 844.799 816.019 
1448.38 699.736 689.756 656.78 
982.953 463.114 231.005 394.336 
1674.41 771.111 899.89 734.004 
1049.49 703.55 285.875 724.863 
1036.04 838.545 270.884 782.404 
1031.18 891.422 264.053 836.05 
1656.4 810.918 881.679 771.98 
1211.52 780.709 453.466 728.751 
1597.13 855.217 824.708 813.028 
1086.1 402.874 341.892 341.576 
1185.18 649.229 432.352 595.235 
1152 923.216 395.856 876.934 
1082.51 583.917 328.571 523.949 
1561.46 793.772 793.716 752.273 
1061.18 593.749 306.036 532.099 
1015.64 682.276 255.102 622.679 
1411.15 856.182 647.107 808.203 
908.191 575.183 146.819 506.165 
1053.51 877.153 290.029 820.949 
1049.02 873.407 283.232 818.55 
1124.77 506.678 376.019 447.963 
849.449 669.606 84.2993 502.686 
938.167 601.826 177.606 535.367 
1098.62 893.048 334.394 837.45 
1411.52 851.889 648.079 804.716 
1210.03 880.962 447.989 829.783 
1339.64 825.33 578.61 776.812 
1048.98 638.797 291.62 578.62 
1244.14 753.873 487.704 703.225 
1606.55 748.405 837.752 710.102 
1325.99 757.971 567.292 709.948 
1117.56 867.042 355.19 816.302 
1518.07 919.916 746.778 872.386 
1258.39 839.579 497.775 802.885 
1101.87 904.643 336.612 851.688 
1270.86 870.73 509.181 818.456 
920.545 812.344 150.86 752.279 
990.339 469.307 237.288 402.41 
1543.72 716.472 780.922 677.111 
1365.89 667.549 610.532 622.302 
971.89 527.961 215.594 460.472 
950.6 548.84 192.492 481.68 
819.104 742.84 43.0653 676.673 
886.548 439.577 129.382 362.8 
940.177 631.508 179.263 542.103 
1060.58 634.347 304.34 560.69 
1155.11 961.359 404.3 910.664 
1415.73 927.429 648.144 879.632 
1062.83 853.966 297.672 798.403 
809.234 714.632 32.6908 646.652 
1155.43 966.452 404.3 910.664 
1022.79 489.792 270.984 424.569 
1198.49 927.051 434.254 875.32 
1540.89 716.567 778.195 677.725 
938.099 683.975 174.103 620.541 
1148.04 868.665 385.06 815.452 
1170.6 921.745 405.925 869.233 
1435.97 552.945 683.495 512.691 
970.375 829.439 201.681 775.611 
938.413 613.486 179.604 498.415 
1030.53 594.631 273.951 532.776 
1207.76 924.3 443.21 872.522 
1326.01 836.954 563.998 787.847 
991.13 533.344 234.767 463.968 
915.726 442.371 160.473 368.221 
1345.96 727.269 589.369 660.186 
1049.08 459.803 299.719 395.073 
1393.83 601.325 642.409 557.83 
1089.83 573.718 336.508 513.735 
1192.05 853.206 429.509 801.431 
1227.06 825.789 497.906 774.725 
1047.15 536.172 295.653 473.802 
1231.61 928.609 466.505 877.92 
1493.37 860.56 725.505 815.26 
920.517 788.542 151.547 727.502 
969.049 857.032 199.136 798.91 
1297.91 747.665 539.736 698.994 
908.207 528.282 149.446 444.75 
885.925 451.742 128.31 376.169 
1116.21 858.779 353.164 804.972 
1171.56 922.486 407.525 870.481 
1048.1 782.453 285.391 725.521 
1333.73 807.304 572.239 759.023 
1085.15 746.42 325.009 690.302 
1211.97 938.961 444.326 888.474 
1019.66 907.489 251.731 850.841 
892.991 680.493 130.598 515.895 
1013.71 464.775 262.757 398.232 
1049.61 421.01 302.115 356.377 
1176.63 734.773 419.816 681.55 
1525.34 781.675 760.102 739.56 
1305.39 783.137 546.817 734.08 
1060.92 593.687 306.036 532.099 
1063.8 762.019 301.755 705.274 
911.13 886.289 136.366 828.82 
1458.7 775.939 696.966 729.973 
1312.67 785.467 553.683 736.409 
1121.99 484.384 368.479 424.413 
1526 862.993 756.592 818.385 
1184.07 621.558 432.077 566.216 
1000.24 518.662 246.235 452.448 
991.152 605.191 259.983 662.008 
1049.71 587.068 294.667 525.896 
982.466 476.37 229.493 408.053 
1244.22 806.997 484.768 756.344 
800.414 720.922 23.2038 652.729 
1364.68 864.258 601.66 816.222 
1131.43 776.791 372.021 700.951 
998.145 549.945 242.77 485.095 
1199.55 1185.35 1131.16 652.716 
1270.04 929.73 505.178 878.622 
1457.3 588.823 703.522 549.025 
1065.02 489.311 314.539 426.519 
1346.36 717.233 589.369 660.186 
804.03 679.684 28.8988 610.164 
1443.93 815.577 680.851 770.208 
1400.79 939.662 634.074 889.972 
1013.29 957.471 244.467 903.574 
1547.81 924.787 775.925 878.264 
1117.98 483.495 368.479 424.413 
1509.08 950.457 736.672 903.666 
1431.24 913.409 664.53 865.193 
1008.88 471.152 257.1 404.819 
922.453 504.774 68.7991 429.973 
1235.7 924.743 471.341 873.237 
1256.28 697.282 501.798 647.316 
1046.75 678.532 288.44 618.912 
1665.02 882.261 887.126 839.974 
1139.35 927.434 374.356 874.965 
972.107 874.104 202.412 816.826 
1269.85 907.684 506.102 856.744 
1291.4 1165.22 504.874 1113.01 
1293.74 712.652 537.555 664.094 
1166.87 700.708 411.113 646.997 
1153.84 880.676 390.764 827.738 
1388.32 796.54 628.127 749.823 
871.493 739.77 104.238 613.294 
897.66 440.114 141.453 364.706 
1388.4 839.876 625.319 793.511 
1511.57 762.465 748.121 720.724 
1471.66 872.268 704.704 826.334 
1336.85 838.314 574.652 789.704 
1025.04 551.419 270.869 494.631 
1072.59 797.384 310.183 741.232 
1546.79 949.471 771.52 900.843 
821.913 612.597 50.8214 563.974 
1432.77 931.269 664.025 883.085 
934.164 789.975 166.352 729.643 
1218.17 895.383 454.298 844.081 
1131.2 836.236 368.608 782.448 
1349.17 677.89 594.019 631.461 
828.601 1132 823.943 1110.07 
1333.32 864.055 569.46 816.42 
1243.01 679.302 488.829 627.214 
811.589 716.885 35.5238 647.309 
1065.05 566.433 312.32 504.257 
1126.84 687.673 370.198 632.194 
1320.8 887.098 554.318 837.386 
1467.68 765.591 705.716 721.547 
1098.8 892.543 334.394 837.45 
1066.21 489.4 316.074 426.253 
1195.06 752.724 437.2 700.375 
1646.18 734.876 875.803 698.946 
1131.67 921.228 366.144 868.213 
908.099 563.614 146.792 493.834 
1231.11 897.046 468.289 845.796 
1167.36 647.387 414.167 593.723 
1112.27 868.837 348.501 814.565 
991.983 670.049 230.532 607.868 
1322.53 660.999 570.884 613.234 
1049.02 861.006 283.509 805.192 
937.079 837.79 167.341 779.217 
1085 694.99 327.061 637.768 
1047.68 625.855 291.263 565.455 
1412.26 860.56 647.883 812.563 
947.459 847.502 177.443 789.528 
1028.59 764.027 265.401 705.955 
1457.92 855.21 693.56 809.616 
1638.05 736.971 868.924 700.499 
1275.9 902.359 512.109 851.917 
1099.6 572.525 347.074 513.838 
1091.8 824.267 329.017 769.138 
1125.68 482.282 378.005 435.806 
1089.12 431.21 342.908 369.412 
1363.38 927.801 597.443 878.774 
955.578 576.564 197.413 508.988 
990.512 906.272 220.866 851.062 
1020.5 551.233 265.946 487.078 
1064.85 659.335 309.813 547.134 
1030.31 698.846 267.103 706.048 
1028.73 593.963 273.951 532.776 
1319.87 953.63 569.757 904.125 
1212.28 757.218 455.211 705.947 
1542.78 699.019 780.938 660.136 
1475.61 852.931 710.574 807.846 
1198.14 751.146 441.472 700.065 
970.5 833.559 201.681 775.611 
873.425 509.193 110.329 471.618 
1489.68 856.139 722.932 811.003 
1181.49 851.486 420.91 799.256 
1325.85 737.852 568.164 690.292 
1028.41 604.672 271.691 542.422 
991.939 492.308 238.614 425.233 
1548.36 792.015 781.968 750.625 
1048.7 861.539 282.081 806.055 
1354.63 825.878 594.84 778.578 
1280.42 762.95 521.552 713.639 
1506.92 594.103 750.855 556.723 
1560.6 741.053 795.568 700.575 
829.915 794.427 52.9019 730.928 
1183.19 713.487 427.334 660.191 
1127.27 905.012 363.066 851.629 
1062.87 606.354 306.432 545.616 
1258.43 853.587 497.775 802.885 
1050.92 433.913 302.663 369.257 
1515.46 911.529 744.996 865.393 
1655.74 824.064 880.257 783.228 
1108.9 731.816 352.057 625.174 
1108.7 656.381 352.057 625.174 
1145.45 574.135 395.53 518.154 
975.072 445.029 224.775 375.073 
1324.97 931.319 560 881.281 
1038.49 906.594 271.134 850.073 
1253.9 697.218 497.874 647.132 
977.926 800.913 212.431 741.859 
1518.32 912.683 747.758 866.315 
1640.85 934.674 862.166 888.865 
1145.66 645.125 391.968 590.35 
913.656 854.375 141.309 795.853 
992.628 570.201 235.277 505.619 
1478.12 929.153 709.055 881.788 
811.299 775.853 33.3872 711.759 
1303.89 806.498 544.589 756.52 
1631.08 714.043 862.475 677.684 
1235.76 907.437 472.947 855.829 
1660.59 816.502 885.395 779.24 
1137.01 679.797 381.567 625.221 
1253.01 742.015 496.86 691.403 
805.797 587.36 35.784 512.183 
1061.11 736.179 300.657 678.016 
1458.85 855.939 692.118 809.849 
1544.35 990.374 767.585 945.285 
838.026 729.226 72.8879 490.043 
1043.88 679.394 283.236 619.95 
1049.63 549.009 297.019 486.419 
1346.37 928.525 581.02 878.832 
1123.88 870.561 360.058 816.589 
1169.24 739.42 412.519 686.123 
950.014 728.058 184.54 666.332 
1112.57 868.37 348.501 814.565 
1412.96 850.002 648.805 802.888 
1396.56 965.915 716.118 919.328 
955.531 492.284 1568.99 882.652 
544.592 744.614 50.3732 583.081 
1061.27 710.235 301.727 651.848 
1128.78 866.124 365.54 812.177 
1318 948.338 596.018 899.897 
1173.52 730.241 417.036 677.834 
877.418 835.737 114.663 527.54 
1244.52 806.563 484.768 756.344 
1392.36 785.297 631.861 738.74 
1467.85 771.827 705.716 721.547 
1187.37 738.611 432.016 685.742 
1060.4 659.924 302.957 600.97 
1051.09 497.909 300.269 434.315 
1552.82 949.232 771.52 900.843 
1113.28 591.364 360.024 533.406 
862.772 788.003 89.6458 725.118 
1266.76 921.709 502.692 870.82 
973.261 686.937 211.045 624.954 
1198.87 752.742 441.472 700.065 
982.785 422.659 231.387 353.398 
1084.92 836.43 321.525 781.569 
1072.98 666.522 317.915 555.975 
1462.71 655.997 706.877 615.211 
1066.86 685.984 307.952 627.34 
1068.46 791.732 305.661 735.764 
1367.7 825.81 605.241 778.099 
850.497 575.439 84.2993 502.686 
484.78 732.162 390.216 1099.17 
1085.16 753.168 324.676 696.741 
1047.38 460.166 300.278 395.141 
1049.88 561.783 295.85 499.804 
1125.65 650.371 370.96 594.478 
950.488 614.457 189.304 546.196 
1129.49 736.498 370.876 681.743 
1185.97 571.881 435.179 516.764 
1363.12 928.456 596.94 879.197 
1128.4 578.488 376.184 520.989 
1644.06 735.522 875.803 698.946 
1468.49 765.333 706.578 722.346 
1179.94 885.47 418.356 833.822 
829.807 770.706 53.1947 706.424 
950.499 647.788 188.567 583.606 
1282.7 938.069 518.499 887.241 
1085.24 656.96 328.482 599.143 
987.203 669.752 225.516 608.148 
1158.1 839.382 397.033 786.447 
190.244 1303.53 18.9054 881.103 
1613.41 741.589 845.379 702.756 
1532.41 855.627 762.972 811.602 
1106.25 850.6 342.79 796.346 
1508.93 802.648 739.969 759.125 
833.087 517.701 67.6742 440.954 
892.356 848.641 119.367 789.697 
1398.26 858.777 633.904 811.374 
877.58 954.202 100.985 895.277 
1027.71 693.505 267.296 633.543 
992.157 660.322 230.98 598.126 
1124.01 907.577 360.153 853.221 
1507.86 591.592 750.855 556.723 
1013.35 395.082 266.144 326.036 
714.113 616.396 1582.78 781.3 
1065.76 388.092 319.909 324.529 
714.486 614.908 1582.78 781.3 
1163.57 865.528 401.288 813.094 
1447.53 815.527 683.641 770.545 
1513.93 910.935 744.996 865.393 
982.563 544.421 226.381 477.851 
1050.56 484.132 299.567 420.272 
1264.82 837.983 476.205 773.406 
937.613 695.87 172.04 657.526 
1463.61 854.666 730.265 811.73 
1036.69 708.064 273.761 715.103 
1338.72 686.227 583.736 639.095 
1004.86 865.167 236.656 810.045 
829.136 818.125 49.9282 780.117 
1197.97 753.78 441.361 700.608 
985.16 809.08 213.035 744.375 
1087 837.261 322.451 781.969 
1403.57 552.882 653.156 510.941 
700.859 510.14 389.035 428.498 
1072.95 718.75 317.915 555.975 
1511.67 749.569 752.18 708.163 
1408.09 840.364 643.938 793.21 
1091.7 849.719 327.86 795.343 
1557.2 909.844 785.762 863.974 
1510.68 1306.99 259.601 1306.52 
1048.46 847.29 291.911 591.624 
1161.22 526.864 416.221 472.472 
1403.41 877.125 636.388 830.452 
991.164 850.492 223.818 792.57 
1623.32 851.882 849.637 810.183 
1381.16 750.325 622.028 703.989 
1392.45 857.162 629.895 809.97 
1226.56 780.963 468.278 729.355 
1357.89 896.936 594.746 846.67 
1024.96 558.191 270.869 494.631 
927.812 512.555 173.394 440.717 
844.691 957.854 68.4791 900.712 
1633.79 794.19 864.07 754.156 
1484.67 587.159 728.848 548.249 
1385.34 881.838 621.342 833.589 
1295.3 796.843 535.753 751.7 
1273.45 764.675 513.743 714.785 
1125.88 804.606 365.264 750.629 
1209.72 730.918 454.313 680.976 
878.074 434.123 120.977 356.183 
829.948 939.497 46.9722 882.885 
1210.9 759.51 453.025 707.204 
912.078 544.295 152.366 471.56 
995.565 569.722 235.277 505.619 
1000.85 483.254 244.079 417.498 
824.702 770.514 48.0901 706.329 
1615.02 705.057 848.361 669.153 
1394.66 833.023 630.749 785.098 
958.833 878.638 186.349 813.534 
1389.82 854.555 627.091 807.519 
847.659 812.312 71.7713 749.667 
1469.86 613.737 713.392 573.482 
974.753 495.075 220.458 426.955 
1248.15 819.07 488.315 768.257 
1105.77 892.124 340.878 838.862 
862.621 812.136 89.6458 725.118 
1102.19 883.918 337.373 829.276 
1036.75 617.032 279.907 556.095 
1126.75 712.191 369.01 656.512 
1293.98 676.694 539.274 627.452 
1531.72 856.588 762.972 811.602 
1511.44 718.13 749.219 670.782 
1023.02 515.305 269.978 450.859 
1377.09 640.106 623.156 595.529 
871.219 751.947 103.863 600.892 
1689.77 779.98 914.615 742.427 
934.033 813.74 165.446 753.974 
1112.47 851.002 349.918 798.305 
961.156 511.743 198.06 441.232 
848.262 957.879 68.4791 900.712 
938.594 843.016 167.967 785.217 
992.82 863.659 224.578 807.6 
1138.96 890.147 375.453 834.883 
1101.98 589.931 349.422 533.766 
1360.45 827.361 598.26 777.946 
1336.9 675.854 583.095 630.273 
1282.03 742.776 524.733 693.269 
1072.25 874.755 309.013 766.871 
1433.29 793.766 670.427 749.556 
987.117 874.713 218.259 818.763 
1056.94 390.866 311.049 325.279 
1327.25 837.01 566.459 788.366 
967.611 818.749 200.379 760.727 
1016.34 466.089 266.056 398.874 
1307.97 857.488 545.529 808.48 
1336.45 675.9 583.052 630.283 
1101.91 883.545 337.373 829.276 
1286.7 717.766 530.654 668.519 
1435.7 922.467 667.74 875.142 
1342.35 672.662 587.548 625.597 
1065.41 425.978 319.028 361.181 
1421.57 854.898 657.762 808.103 
1319.19 882.566 554.481 834.491 
1068 909.626 301.695 854.891 
1091.96 874.046 327.748 819.866 
1152.38 844.089 391.067 791.204 
1515.29 657.904 755.935 618.02 
1471.47 800.193 708.057 756.061 
1163.88 687.765 694.734 539.833 
1069.09 425.652 318.895 361.61 
1036.12 416.128 288.785 350.558 
1109.3 883.495 345.077 829.882 
1062.46 452.983 313.926 388.812 
1037.43 650.83 273.191 742.603 
959.782 602.714 200.336 536.398 
1239 688.111 483.21 636.202 
1081.66 508.132 330.908 446.234 
824.495 759.927 48.172 694.776 
1506.76 871.957 738.089 826.279 
1124.73 512.798 375.179 454.055 
1179.06 918.447 414.831 866.695 
1139.28 890.353 374.627 840.829 
1027.36 759.869 264.403 701.435 
808.383 489.954 41.8205 411.256 
1242.48 772.426 484.634 721.32 
1073 693.019 318.506 543.276 
1112.68 687.919 355.522 631.944 
1471.62 636.475 715.518 596.223 
913.696 818.607 142.475 746.417 
1070.84 518.491 322.966 366.038 
799.824 705.416 23.481 635.796 
1317.38 883.874 554.845 833.022 
1143.27 890.736 381.536 837.309 
1088.09 857.578 324.346 803.065 
1193.77 812.336 431.911 760.027 
1128.83 878.086 365.214 825.248 
1140.91 568.484 389.937 511.977 
1386.53 612.155 633.928 568.421 
1626.05 919.586 849.05 874.736 
1160.36 760.479 401.58 706.875 
1052.22 660.71 295.684 600.163 
1472.02 636.547 715.518 596.223 
1209.07 752.084 452.619 701.911 
991.85 769.481 226.978 710.431 
1106.63 687.868 348.87 631.596 
1208.96 734.328 453.821 684.629 
1090.42 631.913 335.733 574.13 
1268.4 859.512 501.487 795.246 
1491.66 778.768 729.144 735.522 
1068.73 685.657 307.867 693.822 
974.724 847.551 205.609 790.848 
1189.84 922.08 425.128 871.209 
1482.64 586.287 728.848 548.249 
1390.44 758.716 631.284 713.046 
1056.83 894.219 290.535 839.958 
1398.49 760.266 638.71 713.26 
932.064 543.859 173.788 474.018 
1272.89 764.62 513.743 714.785 
1059.74 815.514 295.999 759.913 
1126.11 786.618 365.42 732.237 
1191.54 813.581 431.911 760.027 
744.682 938.102 784.576 910.662 
1080.06 396.343 335.876 332.158 
1471.1 659.751 712.524 619.253 
1312.45 676.831 558.162 630.231 
1381.81 930.986 614.395 882.492 
1261.82 706.805 505.25 687.693 
1614.37 786.131 844.264 746.852 
1060 854.968 294.831 800.401 
1348.21 664.086 591.589 619.679 
1574.21 966.603 1580.57 946.607 
1342.35 855.505 577.865 807.048 
1023.78 782.03 259.993 724.288 
1595.05 836.532 824.327 794.497 
1147.76 890.477 384.06 838.064 
917.033 524.049 173.394 440.717 
1069.98 425.515 318.895 361.61 
1126.02 594.557 373.338 532.127 
969.483 506.925 213.522 438.026 
1088.74 663.6 331.797 605.078 
1070.4 910.047 303.841 855.801 
1503.86 802.018 739.969 759.125 
1071.84 778.581 309.765 722.792 
1469.68 621.486 713.564 589.082 
862.224 823.929 87.8562 763.028 
1176.63 875.617 412.895 819.883 
1192.55 812.495 431.911 760.027 
1299.38 667.075 533.309 618.022 
1281.84 671.978 527.103 623.025 
1129.4 813.972 368.677 760.245 
1294.91 745.719 537.651 696.772 
1250.29 759.291 493.424 708.785 
828.474 793.894 52.9019 730.928 
1213.27 795.525 454.769 743.826 
1497.72 791.492 733.816 748.272 
1106.04 598.245 352.377 538.592 
1105.98 836.993 343.41 782.771 
1125.3 702.51 368.151 646.554 
858.511 823.936 83.24 762.755 
1096.83 444.876 349.99 383.657 
1064.76 553.275 312.048 491.406 
932.758 648.551 167.49 631.666 
1259.49 874.796 498.195 824.297 
1370.24 845.365 606.729 797.563 
1610.98 785.934 841.157 746.757 
1284.54 738.362 529.144 689.625 
1085.73 668.73 326.398 650.121 
1088.72 422.347 342.916 360.066 
1125.43 786.957 365.42 732.237 
1479.64 730.266 718.83 695.884 
966.61 728.086 201.872 668.815 
1690.63 745.078 916.515 710.035 
982.84 518.712 227.249 452.024 
824.331 606.204 52.9362 558.621 
1339.09 813.086 578.874 764.879 
1209.86 734.53 453.821 684.629 
1452.5 612.248 697.481 580.521 
825.537 891.693 45.2983 833.52 
1150.78 912.739 386.706 860.388 
1687.27 786.025 912.211 748.058 
1506.6 728.309 744.81 687.559 
1130.68 771.602 370.527 716.875 
1209.31 749.706 452.619 701.911 
821.303 653.245 50.3732 583.081 
1238.72 796.445 477.746 745.662 
1444.12 785.581 678.536 742.536 
1176.51 863.443 413.075 811.254 
1135.58 782.459 376.312 728.496 
847.64 752.463 73.5113 688.13 
1146.25 702.332 389.534 647.595 
1106.35 762.303 348.87 631.596 
1105.88 824.854 343.74 770.368 
975.524 555.243 217.389 488.719 
1442.24 658.327 685.527 616.355 
1540.49 930.382 767.958 884.162 
1314.32 742.632 556.881 694.496 
932.782 801.941 165.518 742.219 
1047.94 848.053 282.681 792.228 
1124.83 482.384 376.929 423.007 
1193.91 862.752 432.353 810.62 
998.732 947.264 229.593 891.459 
1093.87 526.66 343.263 467.553 
972.836 822.185 208.661 684.898 
1139.83 577.524 388.642 521.648 
1081.3 773.128 319.323 716.645 
922.354 516.085 162.723 482.206 
1237.74 793.283 479.321 743.235 
825.17 595.018 55.8993 522.299 
865.132 794.189 90.9297 731.7 
1314.1 841.264 552.607 792.185 
1467.18 606.417 711.385 567.316 
1307.39 848.435 545.166 798.776 
824.378 688.596 50.399 620.375 
972.598 701.8 313.563 629.971 
1036.71 566.248 283.055 465.339 
913.396 806.603 142.475 746.417 
948.598 888.425 177.733 831.532 
1066.11 653.559 308.584 579.273 
1567 829.209 796.064 786.251 
1689.6 749.383 915.844 714.295 
1522.98 692.967 758.786 646.075 
1481.74 601.141 725.304 562.447 
1172.2 899.165 408.328 847.315 
1092.28 784.333 335.034 624.986 
1159.57 750.432 401.948 696.559 
1124.15 562.623 372.091 504.752 
1224.15 742.612 467.974 691.472 
414.873 1147.05 259.147 1194.63 
1566.78 954.652 1369.37 520.754 
808.964 498.057 43.1146 419.135 
1400.54 878.343 636.388 830.452 
1442.62 931.095 674.368 883.024 
1141.53 626.59 387.507 570.327 
1254.93 741.234 496.86 691.403 
1312.07 666.891 533.309 618.022 
865.174 806.117 90.9297 731.7 
1249.42 727.918 492.952 678.13 
1643.21 817.239 868.754 777.235 
1322.76 626.454 570.051 580.647 
1665.48 875.315 886.972 832.842 
1497.16 791.416 733.816 748.272 
960.124 579.658 201.054 514.166 
1038.66 355.324 292.836 287.806 
949.033 837.149 180.473 778.699 
1441.03 938.521 554.844 888.682 
1268.39 831.229 507.589 781.038 
1511.47 711.24 749.219 670.782 
1171.08 781.697 411.085 729.776 
1608.95 855.482 835.815 812.883 
1020.43 441.072 271.147 374.333 
803.289 683.923 29.711 614.776 
1136.85 687.959 374.003 632.753 
1194.2 842.475 433.619 790.775 
1135.52 771.576 376.358 717.632 
1341.93 732.229 584.657 684.867 
1092.28 785.677 330.571 731.029 
913.674 794.764 142.475 746.417 
1106.36 838.557 342.79 796.346 
1071.95 687.611 309.765 722.792 
1170.65 833.303 409.781 780.999 
1106.4 749.982 348.87 631.596 
865.363 782.206 90.9297 731.7 
971.224 902.236 200.569 847.844 
1197.12 760.803 440.33 709.148 
1091.65 785.684 330.571 731.029 
1417.99 831.826 656.073 785.263 
1419.65 836.248 654.868 788.882 
1638.1 703.928 869.071 668.799 
1496.97 835.465 729.58 792.293 
1357.14 617.972 604.823 573.208 
1049.41 899.143 283.08 844.136 
1070.01 911.779 303.841 855.801 
1138.16 894.615 374.627 840.829 
1511.96 769.819 748.121 720.724 
1494.22 649.976 735.119 609.945 
1462.5 663.307 705.418 622.79 
1136.2 793.492 376.312 728.496 
1452.8 621.271 697.481 580.521 
1145.21 867.772 382.121 814.693 
1082.56 447.29 334.803 384.672 
1068.75 437.286 318.895 361.61 
1394.35 822.161 629.946 775.047 
1071.02 871.421 306.876 788.102 
1472.04 761.63 709.872 718.703 
1064.5 943.934 295.586 890.976 
997.466 838.685 230.056 781.789 
1085.32 785.181 323.72 729.489 
1147.52 807.749 380.361 774.592 
1070.21 543.392 318.295 482.941 
973.496 486.404 219.693 417.846 
1360.51 851.927 786.87 807.269 
1468.97 722.153 711.731 679.772 
1341.96 702.112 586.044 655.027 
1300.64 697.704 555.907 649.098 
1391.74 578.872 639.871 535.931 
973.455 830.257 204.006 772.485 
999.32 418.836 248.958 348.835 
1062.21 492.881 312.237 430.121 
961.473 520.23 208.081 452.099 
1064.72 726.162 304.539 668.292 
1605.07 903.244 829.547 858.802 
974.291 820.974 213.035 744.375 
1374.25 664.617 618.847 619.413 
965.42 488.96 210.763 419.705 
1170.75 844.361 410.439 792.741 
991.426 746.676 228.068 688.278 
1385.21 819.887 613.877 772.526 
1129.18 774.067 369.801 719.332 
863.2 715.778 94.6614 612.836 
1593.35 836.854 824.327 794.497 
1214 790.171 455.497 738.539 
1475.66 931.009 674.368 883.024 
1521.96 918.401 751.278 872.356 
970.342 611.096 208.87 615.38 
1088.81 689.333 331.797 605.078 
877.501 437.739 120.977 356.183 
1325.73 771.37 567.555 723.161 
1009.86 354.782 269.173 281.798 
1167.34 844.795 406.156 792.057 
1375.2 664.797 618.847 619.413 
1095.97 755.224 335.728 698.665 
800.101 705.862 23.481 635.796 
1068.17 478.226 318.295 482.941 
1118.14 472.642 367.024 458.328 
1342.05 722.604 584.657 684.867 
