299
1444.62 313.903 193.866 462.878 
817.528 465.252 1377.47 547.054 
1325.08 251.122 125.889 384.373 
1425.95 239.51 200.041 405.274 
1406.13 244.788 184.584 402.607 
1401.14 244.751 182.12 401.704 
843.56 222.278 1317.34 360.344 
1374.1 237.47 165.519 389.425 
1426.17 239.192 200.041 405.274 
1374.37 237.112 165.519 389.425 
1441.93 235.657 211.006 406.297 
1269.51 285.475 73.4306 393.589 
1387.57 251.509 170.607 403.071 
1282.56 282.676 83.9258 394.635 
1282.63 282.68 83.9258 394.635 
1436.43 257.573 202.06 420.961 
1037.51 270.158 1102.19 311.154 
1387.27 251.703 170.607 403.071 
1068.38 275.619 1136.52 370.239 
1306.46 259.021 109.561 386.099 
866.154 252.082 1100.64 353.127 
1398.73 257.858 177.199 410.716 
1286.51 209.692 110.411 345.568 
848.261 257.635 1293.22 362.873 
691.683 280.978 799.685 31.8129 
1427.45 247.328 193.87 410.173 
1184.77 791.626 89.7777 502.553 
1030.56 304.652 1422.21 778.124 
484.795 55.9612 624.668 639.11 
1295.35 278.264 95.2756 397.617 
486.919 32.234 624.668 639.11 
1202.09 73.4258 82.477 211.979 
465.742 30.1833 624.668 639.11 
461.19 79.0398 624.668 639.11 
631.987 717.254 487.668 441.314 
1040.49 240.725 1158.54 421.269 
1340.57 514.912 65.0345 589.003 
1343.65 509.613 69.4778 586.765 
1011.7 310.024 100.226 351.042 
1300.95 202.825 121.386 343.452 
1011.33 310.185 100.226 351.042 
1205.22 90.4938 79.0382 226.567 
481.314 484.5 100.226 351.042 
1351.42 175.65 165.502 338.067 
1295.53 300.061 89.5748 413.42 
1307.07 478.207 47.6459 552.381 
793.333 383.566 100.226 351.042 
922.083 670.835 580.485 686.969 
796.869 379.528 100.226 351.042 
1137.36 623.689 846.699 700.191 
1060.36 393.271 946.816 506.099 
550.784 321.962 261.066 708.431 
1400.75 325.464 160.112 459.377 
1469.6 457.79 175.158 572.046 
1204.74 92.5619 79.0382 226.567 
1265.49 194.773 97.0492 325.627 
1476.95 347.499 206.527 493.573 
1390.26 240.563 175.552 395.514 
1358.1 227.647 658.705 421.218 
885.654 140.454 295.751 184.284 
1310.28 357.613 83.4452 458.392 
846.606 39.1336 503.241 102.479 
1330.27 510.542 57.2278 582.225 
1211.85 36.2264 101.407 189.231 
870.208 704.17 1287.9 674.159 
1408.26 512.895 118.031 600.914 
1218.24 68.8857 95.5401 213.586 
209.051 778.389 680.309 629.75 
1476.95 347.165 206.527 493.573 
1323.88 283.041 115.599 407.279 
1481.82 485.025 174.494 593.015 
1332.05 194.46 146.325 348.183 
458.83 805.462 28.022 614.17 
1320.77 347.593 96.5493 455.046 
942.128 196.419 79.0382 226.567 
1328.12 181.801 148.06 335.12 
1198.33 669.015 1336.74 804.706 
1293.23 112.37 140.433 273.503 
1355.36 161.947 170.267 331.296 
1413.54 331.342 170.592 467.922 
1332.38 196.896 146.325 348.183 
1366.54 352.222 129.602 471.236 
1324.04 503.341 53.8569 575.879 
1236.66 397.499 13.1442 470.671 
1204.53 47.5982 353.79 220.706 
1419.14 336.092 171.735 473.368 
1486.72 453.776 187.637 572.973 
1238.85 185.947 78.9286 308.224 
1306.14 333.347 88.0671 441.957 
1433.31 267.86 196.653 427.214 
673.173 116.243 167.117 54.0774 
1367.86 261.754 154.321 406.254 
1129.23 86.1462 17.4453 191.837 
740.075 382.218 1224.17 378.917 
848.151 286.788 1319.46 423.69 
1371.96 522.094 88.6704 599.215 
1347.81 367.274 110.451 477.647 
1327.63 181.991 148.06 335.12 
1307.2 366.255 80.6498 465.399 
1346.06 367.743 110.451 477.647 
1418.56 336.264 171.735 473.368 
636.325 793.675 1417.27 860.705 
1403.35 495.843 118.449 586.955 
1394.91 488.603 114.077 579.894 
1308.96 297.149 100.688 414.626 
234.273 342.231 70.5714 46.1988 
1074.62 642.601 493.259 696.419 
1264.63 689.806 271.788 736.59 
1362.85 363.272 122.796 478.547 
1308.37 299.534 99.3111 415.803 
1286.48 335.904 73.1818 437.292 
1231.07 57.8873 108.395 211.59 
1246.65 412.463 16.0953 485.398 
1269.86 328.6 64.8423 432.369 
1261.38 260.154 74.3777 371.434 
992.588 664.791 1171.29 728.462 
1245.82 236.998 68.3036 348.952 
617.895 881.893 1008.57 894.661 
1280.17 322.594 71.0004 426.102 
1394.76 299.276 163.141 440.802 
1350.5 411.414 100.453 510.928 
1456.71 495.802 133.647 583.823 
1313.21 230.562 122.629 366.65 
1245.64 189.754 82.6156 314.188 
1353.42 185.779 163.255 346.101 
1203.16 184.512 49.7 295.995 
1308.39 39.3928 170.693 228.962 
482.399 16.8043 624.668 639.11 
1403.08 184.966 196.911 360.915 
1303.11 306.182 93.8336 419.883 
628.39 774.342 1408.14 770.332 
1085.07 119.393 194.135 340.627 
1288.26 492.953 29.1474 560.299 
1202.94 185.002 49.7 295.995 
1437.8 211.456 214.255 389.457 
754.344 544.609 898.79 565.683 
1436.52 328.216 184.014 471.828 
1417.66 495.953 128.21 589.784 
817.122 283.686 1340.62 390.601 
1445.28 468.004 155.728 574.754 
1289.49 492.873 29.1474 560.299 
1285.34 196.693 112.64 329.152 
1223.61 48.2312 105.419 201.165 
794.898 161.163 227.918 154.212 
1274.39 93.0482 132.434 251.303 
1219.56 46.7569 102.434 197.341 
1477.66 449.66 182.695 567.616 
1460.79 190.955 234.239 381.751 
1454.66 481.601 159.341 586.62 
850.451 809.211 1410.37 853.551 
1244.79 496.635 306.597 577.051 
1260.87 230.539 81.5576 348.5 
1202.07 112.794 69.9109 241.63 
1261.22 266.594 72.7095 376.061 
1449.67 220.652 218.789 399.569 
742.885 669.88 1028.84 701.673 
1242.92 261.943 59.631 367.099 
627.788 819.34 1173.25 773.233 
1220.75 328.097 18.8555 411.966 
1472.9 358.906 199.244 501.187 
832.163 717.559 1423.21 836.284 
1297.29 380.136 68.09 473.573 
1450.91 489.413 153.985 592.1 
1300.88 465.683 46.2478 541.884 
1202.42 112.823 69.9109 241.63 
391.763 751.432 1332.01 681.929 
1320.36 324.729 104.922 438.178 
1456.96 286.669 208.818 446.162 
1458.41 302.272 205.508 458.273 
475.719 491.576 89.8834 357.112 
125.862 179.463 1353.89 82.3581 
797.048 314.946 117.199 290.487 
671.115 521.246 1158.54 421.269 
1455.41 286.321 208.818 446.162 
1252.61 60.8911 123.917 222.505 
1300.77 527.784 653.878 638.077 
1180.02 44.2211 585.874 235.21 
1114.1 34.4121 20.3662 145.882 
1401.14 443.913 129.754 547.544 
1368.2 499.656 89.633 582.018 
1234.56 294.817 41.7037 389.677 
1278.1 113.362 126.257 255.242 
1328.03 527.876 51.3724 596.017 
1348.93 271.142 138.183 406.18 
688.576 764.096 527.915 657.65 
1270.97 327.126 61.8856 426.012 
1231.38 293.109 41.7037 389.677 
1464.05 477.209 166.944 585.012 
1404.01 443.514 129.754 547.544 
1299.7 465.955 46.2478 541.884 
1383.07 301.893 155.088 438.628 
1280.39 522.608 11.9952 580.914 
1282.41 247.27 94.4199 369.978 
1338.37 74.6016 573.588 644.54 
1406.37 405.108 144.483 518.024 
992.789 889.124 879.295 916.415 
1275.69 172.058 111.918 309.208 
1423.82 252.422 195.346 413.823 
995.78 519.665 1430.43 629.51 
1146.29 112.997 22.0844 220.327 
1355.56 492.898 84.0329 576.513 
1432.9 225.98 208.105 397.421 
1213.38 122.721 76.198 253.972 
1134.01 375.596 533.682 89.1377 
522.08 814.129 1089.32 820.867 
1269.88 119.304 118.872 281.356 
1454.59 432.794 171.269 551.642 
1462.34 483.478 465.342 614.148 
1402.96 439.177 130.787 543.503 
1297.99 499.912 34.2285 568.29 
1272.7 183.798 105.437 318.917 
1079.65 120.787 1368.05 342.946 
1307.77 299.273 99.3111 415.803 
1435.13 465.444 149.111 571.083 
1399.94 361.37 149.706 485.532 
1256.97 311.279 55.2183 409.714 
1371.41 499.705 96.6466 584.827 
1269.02 123.386 118.872 281.356 
635.461 35.8766 1392.44 141.01 
220.474 848.99 698.426 623.065 
1180.32 43.7675 585.874 235.21 
1288.99 460.598 39.3808 534.68 
681.636 600.984 938.085 932.34 
1481.58 320.387 217.027 477.04 
1480.47 147.18 256.236 357.088 
1169.93 416.311 1434.93 646.4 
948.354 400.448 73.3252 153.242 
1334.71 966.746 152.101 235.891 
941.725 787.167 1161.89 774.74 
1152.68 38.7114 51.8137 165.444 
305.076 892.525 768.023 553.412 
1297.44 458.433 39.3808 534.68 
1360.51 488.729 84.4117 571.736 
781.635 387.915 85.7687 352.069 
1454.41 433.252 171.269 551.642 
1374.71 498.718 96.6466 584.827 
1328.45 529.001 51.3724 596.017 
1468.51 639.01 128.033 706.517 
1132.35 189.857 311.379 448.862 
469.633 263.149 939.075 188.868 
1474.27 224.623 234.067 408.281 
1137.06 34.6921 42.8426 155.909 
1480.88 147.326 256.236 357.088 
710.654 11.8414 681.989 40.1539 
1202.83 166.583 54.1916 281.8 
1474.18 225.497 234.067 408.281 
1202.75 437.112 708.985 574.311 
1368.8 430.566 110.045 530.013 
1399.64 408.807 138.3 520.492 
1246.53 217.989 75.4958 335.046 
1394.69 421.616 134.669 529.432 
1374.98 455.085 106.887 551.011 
816.214 687.948 1457.14 881.874 
1386.39 440.144 121.537 541.748 
835.046 552.464 1099.54 602.813 
1258.32 392.047 32.975 473.496 
801.204 637.095 940.082 685.879 
1014.49 861.659 1345.61 639.347 
999.214 745.543 1264.54 808.909 
1244.45 304.736 48.1464 400.323 
686.883 541.143 1277.81 597.176 
1465.84 251.037 221.753 425.139 
1245.61 304.464 48.1464 400.323 
534.527 602.321 724.977 558.254 
1335.53 139.472 161.68 296.35 
1447.01 151.321 234.993 349.912 
1353.24 461.562 88.0984 549.908 
1268.64 797.032 777.117 826.733 
1168.45 185.925 19.7573 283.679 
1365.95 687.781 37.8017 728.904 
1261.75 111.418 116.603 259.152 
830.865 789.011 923.551 825.183 
1373.01 361.337 133.5 479.837 
834.984 567.861 1236.38 625.625 
879.536 800.496 1116.04 832.495 
585.851 820.015 995.89 759.44 
1205.97 918.13 923.507 125.298 
1439.42 428.984 161.17 545.206 
1205.56 380.674 1208.68 431.133 
685.48 541.409 1277.81 597.176 
572.174 53.8558 1261.95 101.228 
815.399 117.226 226.205 125.939 
1479.36 317.492 216.198 474.14 
871.202 849.622 946.252 952.426 
1389.24 422.249 127.801 527.926 
1364.05 227.601 158.766 378.748 
1168.74 11.1894 73.3252 153.242 
1264.9 599.149 593.817 684.568 
1222.57 174.571 67.3591 294.753 
1425.81 294.277 184.243 443.928 
826.379 559.202 566.78 570.833 
1261.2 370.19 41.1667 455.776 
628.349 130.842 1201.01 183.191 
1198.81 452.896 895.903 917.344 
1328.07 308.252 112.109 430.02 
362.926 243.448 1060.23 564.406 
1330 669.592 11.45 709.89 
1101.92 783.109 1408.14 770.332 
1463.1 40.1422 270.835 281.014 
