0.324341
0.562306
0.680613
0.276426
0.607674
0.525992
0.641984
0.628453
0.440141
0.549565
0.451238
0.458594
0.695356
0.579736
0.666596
0.632461
0.673748
0.546998
0.534975
0.624285
0.687174
0.336094
0.476826
0.597712
0.697909
0.426949
0.697633
0.536524
0.622858
0.674532
0.653076
0.33689
0.585631
0.625874
0.6805
0.688995
0.643883
0.599306
0.681058
0.683759
0.599057
0.444707
0.579618
0.631148
0.333149
0.648183
0.694828
0.698151
0.648313
0.603033
0.405165
0.682554
0.514908
0.648164
0.537528
0.577174
0.522124
0.303016
0.596515
0.69513
0.660209
0.644336
0.603652
0.610468
0.683994
0.605939
0.584709
0.691073
0.48348
0.272927
0.667223
0.500225
0.686054
0.599542
0.657934
0.437476
0.677797
0.572127
0.568407
0.449351
0.444895
0.640532
0.541369
0.602074
0.65325
0.576424
0.534523
0.612498
0.459989
0.696919
0.691238
0.449948
0.468436
0.697098
0.668691
0.516054
0.38787
0.447787
0.675053
0.528213
0.610689
0.538054
0.661499
0.442651
0.693641
0.665041
0.657773
0.544953
0.428193
0.559375
0.617108
0.616153
0.420358
0.581125
0.577545
0.687409
0.537181
0.643065
0.446515
0.548088
0.331589
0.648878
0.486449
0.58383
0.432835
0.337723
0.6811
0.693376
0.455123
0.609486
0.680855
0.689019
0.62791
0.389432
0.643545
0.571233
0.4128
0.583988
0.672308
0.685792
0.605385
0.556318
0.695643
0.665276
0.579938
0.677875
0.41792
0.462136
0.395628
0.675874
0.552952
0.673948
0.375928
0.630935
0.677613
0.601065
0.379103
0.652731
0.667171
0.554418
0.698285
0.543848
0.490331
0.622105
0.541838
0.65411
0.643385
0.329275
0.674723
0.660371
0.690447
0.680926
0.627694
0.618853
0.66613
0.681019
0.612613
0.692673
0.669024
0.503336
0.519235
0.683399
0.53975
0.695599
0.691592
0.555074
0.613829
0.634692
0.573659
0.693076
0.208301
0.565689
0.696411
0.692316
0.637522
0.644215
0.587643
0.579333
0.623668
0.562713
0.654619
0.461941
0.463529
0.698773
0.685129
0.678729
0.572741
0.556347
0.601945
0.682088
0.375156
0.691733
0.434516
0.674851
0.621841
0.269786
0.580518
0.697189
0.626926
0.691231
0.525809
0.548764
0.650449
0.289279
0.57249
0.678715
0.648424
0.657336
0.621627
0.644434
0.674802
0.457278
0.617248
0.613736
0.578303
0.600423
0.57538
0.601759
0.677471
0.625908
0.603401
0.544869
0.581137
0.697929
0.461272
0.393047
0.699737
0.634979
0.297116
0.420328
0.44246
0.632137
0.697311
0.511156
0.686034
0.504227
0.627752
0.619822
0.601414
0.645621
0.575156
0.642349
0.373163
0.492427
0.508411
0.691665
0.64587
0.692882
0.575902
0.483333
0.603212
0.664961
0.673524
0.624152
0.650893
0.641156
0.656707
0.528445
0.646388
0.564122
0.677994
0.685971
0.4378
0.698795
0.671487
0.410712
0.68271
0.61895
0.649137
0.52232
0.653805
0.375479
0.604387
0.688996
0.495051
0.620078
0.620316
0.696117
0.669146
