0.472201
0.124349
0.272486
0.176784
0.194938
0.186298
0.397383
0.379075
0.30439
0.673332
0.346649
0.497648
0.670045
0.162873
0.631494
0.360448
0.459387
0.339465
0.182932
0.22354
0.231215
0.451833
0.655539
0.311335
0.413199
0.346904
0.677881
0.682342
0.441621
0.163789
0.505968
0.397641
0.396799
0.367322
0.690032
0.192632
0.469745
0.381608
0.206368
0.306479
0.370392
0.686455
0.398844
0.294426
0.222609
0.182217
0.238231
0.415022
0.113637
0.427521
0.514499
0.308484
0.506047
0.228017
0.187035
0.467467
0.355913
0.561392
0.217984
0.517001
0.237046
0.491157
0.158079
0.437143
0.600049
0.623941
0.576048
0.449462
0.286638
0.378904
0.506978
0.339233
0.346504
0.262804
0.140596
0.34369
0.618393
0.39265
0.302639
0.501845
0.153779
0.445567
0.49462
0.229059
0.299623
0.337009
0.665977
0.190733
0.303463
0.335805
0.183867
0.26878
0.527491
0.4929
0.57212
0.377335
0.636821
0.602093
0.647079
0.291554
0.281024
0.546124
0.089446
0.239554
0.617313
0.42567
0.0830136
0.589351
0.316953
0.4138
0.66648
0.492549
0.527402
0.506175
0.693998
0.411341
0.650625
0.238624
0.652855
0.405128
0.470421
0.204621
0.239716
0.406466
0.267245
0.285834
0.52016
0.421308
0.32854
0.651109
0.204272
0.323928
0.525289
0.4449
0.505577
0.558934
0.695903
0.527894
0.330928
0.235844
0.274206
0.50831
0.616467
0.201998
0.0884458
0.383836
0.294955
0.342319
0.281472
0.243846
0.313648
0.582268
0.373051
0.280253
0.41819
0.194102
0.28648
0.302715
0.344443
0.621513
0.529726
0.595975
0.656078
0.428581
0.31596
0.689761
0.469144
0.456545
0.369726
0.504528
0.477955
0.677398
0.652747
0.618445
0.146866
0.397894
0.317477
0.535133
0.330411
0.240194
0.445925
0.552621
0.54209
0.441706
0.277136
0.338557
0.391514
0.227614
0.589987
0.429816
0.343512
0.608677
0.0880897
0.214624
0.192559
0.226869
0.110758
0.432457
0.206278
0.420202
0.311277
0.636779
0.330234
0.479439
0.143298
0.696911
0.266833
0.6441
0.641786
0.603373
0.689982
0.322001
0.368881
0.127124
0.444066
0.6076
0.699283
0.618924
0.233624
0.676138
0.670386
0.297763
0.563792
0.3587
0.437916
0.417002
0.389126
0.691496
0.50908
0.460991
0.691831
0.496606
0.377624
0.668863
0.40653
0.241417
0.424887
0.504583
0.609564
0.575991
0.253939
0.69012
0.678411
0.340735
0.584359
0.471154
0.597375
0.382502
0.446124
0.223237
0.212621
0.334384
0.467828
0.661568
0.142609
0.601162
0.193433
0.362685
0.262386
0.445498
0.487897
0.699564
0.339405
0.386936
0.293793
0.602116
0.406509
0.398534
0.213405
0.41918
0.46654
0.203977
0.488868
0.420528
0.566476
0.527451
0.23455
0.670304
0.412609
0.419483
0.692202
0.68504
0.467201
0.437771
0.310488
0.303057
0.2215
0.663293
0.677665
0.202809
0.143412
0.570995
0.264323
0.449003
0.33145
0.420916
0.285761
0.613363
0.347198
0.629898
0.32853
0.506627
0.3586
0.367296
0.323602
0.569173
0.316737
0.397315
0.407893
0.165447
0.488037
0.255626
0.666632
0.450534
0.261669
0.584763
0.278587
0.316451
0.542657
0.459812
0.331483
0.310814
0.292644
0.686355
0.66425
0.401151
0.574937
0.33179
0.15477
0.532671
0.561301
0.321751
0.610992
0.692929
0.51637
0.599339
0.60051
0.452886
0.582252
0.574013
0.453249
0.631798
0.623891
0.398802
0.6585
0.621208
0.467003
0.586449
0.332323
0.527347
0.357979
0.374341
0.415239
0.390353
0.447375
0.561114
0.533785
0.196316
0.623389
0.633927
0.601635
0.302652
0.589436
0.326007
0.642085
0.158357
0.611781
0.347503
0.31854
0.264216
0.478311
0.371552
0.551348
0.682596
0.53931
0.691904
0.158071
0.522023
0.525581
0.353571
0.301138
0.589319
0.283215
0.684377
0.54473
0.615582
0.298764
0.503954
0.548627
0.415688
0.520881
0.403124
0.151285
0.644458
0.624139
0.459112
0.663986
0.418308
0.500049
0.529621
0.478463
0.201948
0.276649
0.404494
0.465131
0.44308
0.302561
0.501349
0.646233
0.341228
0.59578
0.446826
0.68286
0.652013
0.683494
0.489075
0.33729
0.561296
0.657081
0.680132
0.334293
0.648873
0.682353
0.677627
0.354046
0.620911
0.59084
0.641017
0.453155
0.579035
0.565804
0.465388
0.233964
0.579163
0.677293
0.543054
0.476061
0.52949
0.170493
0.584552
0.433542
0.681649
0.578327
0.377211
0.549852
0.663422
0.340215
0.470663
0.664467
0.586489
0.699665
0.563188
0.687725
0.620528
0.60654
0.429203
0.491969
0.259544
0.526517
0.563202
0.595298
0.334262
0.317767
0.549568
0.648125
0.292264
0.334292
0.47315
0.671628
0.364758
0.51111
0.66575
0.21639
0.668765
0.272793
0.581954
0.612874
0.364942
0.69055
0.521964
0.622841
0.167553
0.47166
0.685939
0.489387
0.344303
0.51107
0.665712
0.472358
0.466329
0.431152
0.542777
0.631919
0.529313
0.456553
0.322015
0.550662
0.64003
0.499608
0.585808
0.677643
0.559991
0.494081
0.399176
0.504351
0.280751
0.684456
0.122563
0.506017
0.539483
0.573387
0.521443
0.383924
0.589935
0.626554
0.520092
0.517171
0.217787
0.403613
0.211616
0.344739
0.139283
0.305673
0.328829
0.67534
0.560144
0.300881
0.431663
0.553787
0.621869
0.530237
0.320125
0.393727
0.663144
0.420235
0.550479
0.490349
0.686895
0.639505
0.601269
0.50778
0.254222
0.393423
0.446922
0.286114
0.584023
0.573001
0.556374
0.221688
0.610759
0.456018
0.556424
0.518285
0.409847
0.681173
0.615969
0.525991
0.509639
0.57087
0.533303
0.343799
0.447406
0.650992
0.199509
0.420167
0.559421
0.319029
0.690485
0.339373
0.480968
0.363154
0.366042
0.575631
0.382067
0.254343
0.521911
0.674228
0.272441
0.503782
0.675746
0.253916
0.551483
0.32229
0.403607
0.36091
0.40567
0.566515
0.220605
0.301265
0.633944
0.615104
0.576185
0.306081
0.345332
0.462513
0.514679
0.59642
0.616826
0.620225
0.633683
0.344301
0.320829
0.303099
0.584319
0.484801
0.432019
0.683058
0.19347
0.659766
0.668378
0.536628
0.625554
0.563998
0.385758
0.47877
0.447148
0.365408
0.541334
0.502511
0.477924
0.228906
0.68869
0.549826
0.403053
0.522563
0.645089
0.402397
0.576925
0.312421
0.394994
0.356102
0.543291
0.505276
0.561919
0.445017
0.622077
0.274852
0.687449
0.373217
0.540953
0.673972
0.412639
0.647379
0.283578
0.683554
0.270874
0.257636
0.541459
0.40401
0.631035
0.473444
0.574432
0.590274
0.290945
0.437705
0.352385
0.518072
0.466553
0.562459
0.528931
0.448984
0.67768
0.531446
0.651173
0.443734
0.338779
0.601968
0.676755
0.596614
0.657189
0.609094
0.515419
0.513317
0.697444
0.529687
0.422671
0.398216
0.541794
0.545762
0.500202
0.492835
0.322567
0.602155
0.52508
0.359074
0.212753
0.681606
0.621632
0.690314
0.689995
0.524602
0.29373
0.4268
0.198741
0.581191
0.591501
0.61865
0.399308
0.609116
0.424638
0.612336
0.548954
0.518902
0.587573
0.318185
0.60189
0.345232
0.493545
0.586833
0.276567
0.69404
0.64711
0.310345
0.381887
0.672599
0.617628
0.518157
0.290673
0.470688
0.35668
0.599306
0.676673
0.494838
0.25125
0.493454
0.406557
0.410409
0.635757
0.460232
0.61107
0.68106
0.53084
0.342398
0.429859
0.64512
0.375318
0.509396
0.341362
0.594594
0.396057
0.462926
0.352344
0.645162
0.464954
0.64136
0.401579
0.247145
0.622879
0.273325
0.47883
0.487891
0.517752
0.367781
0.576786
0.517377
0.253252
0.337014
0.305075
0.604437
0.369624
0.327142
0.67957
0.697765
0.287968
0.688302
0.68174
0.464175
0.525552
0.400325
0.490946
0.462674
0.54132
0.679982
0.188104
0.47952
0.568338
0.631656
0.536403
0.679967
0.407906
0.335754
0.602358
0.529272
0.68135
0.544997
0.610955
0.546399
0.35943
0.479506
0.0815602
0.523352
0.578505
0.612256
0.564487
0.536876
0.647197
0.594118
0.546431
0.634508
0.68844
0.570548
0.587269
0.480556
0.473631
0.560419
0.647932
0.57824
0.328161
0.606844
0.621698
0.381113
0.473134
0.529891
0.656872
0.180381
0.67359
0.596556
0.513865
0.687197
0.475193
0.682843
0.538798
0.193254
0.21221
0.355644
0.494946
0.524569
0.440789
0.575199
0.655939
0.523787
0.275353
0.666504
0.33544
0.292423
0.523718
0.603952
0.503285
0.485557
0.225268
0.392718
0.549362
0.603565
0.351618
0.283178
0.498894
0.229205
0.248471
0.456849
0.658604
0.649941
0.607923
0.442339
0.590447
0.616285
0.452216
0.593703
0.687647
0.399867
0.651111
0.65106
0.654656
0.459598
0.4452
0.561141
0.599009
0.516873
0.342337
0.695363
0.597552
0.405288
0.616191
0.551927
0.689801
0.6699
0.432352
0.223266
0.495422
0.544681
0.544075
0.522067
0.673251
0.269615
0.670646
0.620105
0.698607
0.563192
0.588489
0.366127
0.62377
0.608435
0.230166
0.627633
0.540248
0.265842
0.544997
0.498645
0.502911
0.318891
0.588511
0.44121
0.693583
0.503394
0.27378
0.402635
0.504944
0.547289
0.541823
0.589152
0.370646
0.500985
0.526754
0.510187
0.431831
0.672535
0.489787
0.498328
0.232898
0.381043
0.528632
0.564079
0.54226
0.596428
0.535052
0.681616
0.399526
0.641905
0.531245
0.627509
0.580278
0.350901
0.292932
0.33428
0.446047
0.678496
0.262677
0.619691
0.49166
0.691439
0.243233
0.552347
0.508543
0.483142
0.445192
0.576771
0.524674
0.655674
0.379557
0.144809
0.504378
0.372595
0.698104
0.204317
0.303936
0.462217
0.587833
0.641384
0.599013
0.392015
0.60486
0.510078
0.521901
0.416211
0.436853
0.302859
0.688945
0.653826
0.627087
0.601882
0.610798
0.551781
0.412706
0.557158
0.219646
0.561432
0.629005
0.557005
0.40553
0.601931
0.536916
0.511024
0.635012
0.357489
0.576985
0.672268
0.40531
0.49927
0.563522
0.676777
0.45582
0.488847
0.399554
0.659151
0.52293
0.246653
0.569741
0.474131
0.527443
0.662699
0.625565
0.687539
0.469629
0.471889
0.638022
0.685746
0.449915
0.31736
0.248462
0.396449
0.206126
0.471449
0.55326
0.694213
0.34906
0.564009
0.593791
0.689947
0.420584
0.471573
0.439468
0.544328
0.614481
0.265695
0.29055
0.414738
0.501597
0.414519
0.669012
0.350975
0.385013
0.453177
0.689798
0.697671
0.680477
0.38652
0.572687
0.407991
0.509425
0.537739
0.418822
0.408198
0.495476
0.172366
0.612785
0.264799
0.288052
0.592798
0.488627
0.541633
0.366658
0.682101
0.311243
0.329383
0.666478
0.536779
0.280087
0.681469
0.567407
0.633469
0.682002
0.441778
0.220803
0.559424
0.63561
0.687549
0.268449
0.637999
0.683595
0.6657
0.528514
0.550808
0.688681
0.697393
0.625385
0.589548
0.451749
0.631587
0.320232
0.505099
0.279317
0.622837
0.595066
0.612808
0.296456
0.417372
0.351912
0.435424
0.450117
0.547084
0.561363
0.647394
0.670251
0.470884
0.61041
0.650086
0.548303
0.606793
0.249402
0.571784
0.504086
0.496937
0.39474
0.582736
0.694764
0.375612
0.435394
0.630693
0.465041
0.478041
0.514875
0.605944
0.560452
0.5023
0.699939
0.546821
0.569995
0.222918
0.464618
0.676632
0.633882
0.406453
0.47545
0.108758
0.584579
0.62684
0.367066
0.572198
0.659595
0.371221
0.643764
0.63487
0.29855
0.680976
0.5159
0.398359
0.515217
0.677346
0.658007
0.569629
0.56543
0.32979
0.666421
0.533789
0.496379
0.606519
0.546316
0.594396
0.692094
0.628882
0.600452
0.528359
0.47552
0.634517
0.602298
0.552939
0.212746
0.495676
0.308677
0.41935
0.338958
0.388589
0.65205
0.543299
0.278022
0.594564
0.653116
0.641982
0.337867
0.650232
0.555299
0.504883
0.442051
0.325455
0.6893
0.382064
0.40559
0.648449
0.562702
0.584087
0.54588
0.403496
0.675957
0.654579
0.402821
0.467885
0.26595
0.271467
0.582884
0.569264
0.58105
0.404495
0.529947
0.662797
0.492023
0.33505
0.53303
0.412971
0.615252
0.569782
0.396903
0.491956
0.542624
0.428209
0.444641
0.306811
0.464406
0.523235
0.539568
0.369425
0.294646
0.698678
0.124139
0.550004
0.631599
0.12078
0.342212
0.353201
0.197229
0.632556
0.331158
0.696222
0.430977
0.673596
0.606569
0.428083
0.550352
0.519442
0.512368
0.402874
0.626775
0.44892
0.650464
0.478242
0.602399
0.193127
0.330994
0.677606
0.65417
0.588147
0.651167
0.347854
0.163172
0.354668
0.608471
0.625676
0.664213
0.458737
0.25025
0.67057
0.272839
0.56587
0.559317
0.605417
0.488548
0.591664
0.605828
0.604504
0.610741
0.409002
0.433239
0.514837
0.606861
0.485473
0.457041
0.159499
0.603105
0.699767
0.37904
0.622553
0.646403
0.675395
0.689478
0.580291
0.615604
0.523024
0.619672
0.238483
0.302489
0.490206
0.65297
0.655856
0.614622
0.513771
0.339846
0.522724
0.481068
0.609338
0.211153
0.483632
0.593042
0.357843
0.669569
0.697741
0.687
0.64584
0.241583
0.544031
0.437624
0.562981
0.617384
0.606274
0.300954
0.406304
0.560415
0.366516
0.447602
0.691939
0.665068
0.604148
0.37222
0.603087
0.48829
0.366587
0.186477
0.106291
0.649116
0.535254
0.465246
0.274284
0.383723
0.444365
0.690966
0.523633
0.607247
0.53501
0.656656
0.61763
0.460369
0.14897
0.62694
0.52582
0.679187
0.420194
0.427667
0.573185
0.430948
0.536694
0.524908
0.388737
0.584481
0.519068
0.142544
0.680674
0.582102
0.402076
0.615211
0.419432
0.578453
0.51085
0.28817
0.351588
0.559249
0.149018
0.583556
0.558091
0.618176
0.626343
0.438599
0.535259
0.444094
0.658647
0.687679
0.699007
0.692626
0.449589
0.681961
0.550284
0.618259
0.596638
0.386917
0.352433
0.322487
0.214154
0.439864
0.452906
0.592087
0.69478
0.67479
0.418186
0.32873
0.695454
0.406185
0.536469
0.649313
0.305812
0.279829
0.673112
0.44788
0.424151
0.355116
0.558931
0.653727
0.601619
0.12841
0.342569
0.344931
0.573619
0.579182
0.620446
0.581421
0.509774
0.490878
0.178904
0.509182
0.510301
0.683132
0.183266
0.691237
0.234138
0.264267
0.264086
0.477738
0.638136
0.428148
0.565157
0.506899
0.433842
0.284981
0.644422
0.677167
0.490754
0.454154
0.29232
0.696866
0.692491
0.581079
0.556801
0.686774
0.378888
0.597755
0.592276
0.665573
0.436895
0.549755
0.59834
0.324199
0.52148
0.513727
0.364028
0.482696
0.274625
0.688376
0.551958
0.556601
0.583012
0.625863
0.461857
0.509052
0.349733
0.438925
0.678781
0.388605
0.676071
0.63199
0.693076
0.487834
0.600331
0.265709
0.576717
0.451517
0.38971
0.565235
0.269776
0.572085
0.646695
0.30595
0.448075
0.673189
0.649487
0.680575
0.49643
0.529017
0.695826
0.359345
0.589311
0.379196
0.644458
0.516979
0.420896
0.322905
0.51643
0.542727
0.589382
0.592625
0.561409
0.628023
0.651118
0.477573
