305
701.021 361.833 62.1928 369.457 
752.211 341.231 113.222 341.54 
707.785 274.885 58.4701 280.313 
831.999 422.347 199.261 408.386 
699.931 499.294 77.9214 509.176 
744.998 404.086 111.296 405.232 
805.211 537.887 187.761 525.787 
717.776 377.544 80.5392 383.156 
644.74 569.655 31.6939 595.177 
792.111 544.047 176.878 534.256 
797.022 659.905 200.892 644.559 
774.101 352.916 134.478 349.971 
704.224 169.693 43.1666 172.308 
818.852 310.644 175.737 302.349 
703.322 372.877 64.8695 381.557 
720.804 590.741 113.99 597.145 
702.385 436.428 73.0896 445.521 
802.858 255.124 154.242 250.142 
738.657 289.691 91.9495 291.411 
821.388 458.661 192.237 445.765 
795.333 334.522 154.341 328.872 
652.479 569.792 39.5598 593.356 
745.727 666.422 155.164 664.235 
736.665 661.081 145.264 661.719 
716.73 356.828 78.2232 362.773 
693.145 494.06 70.686 505.223 
824.192 432.681 191.495 419.914 
760.554 595.488 155.047 588.906 
694.57 452.125 66.9977 462.587 
725.348 330.804 84.7272 334.798 
654.912 469.142 26.9767 487.872 
682.812 519.036 64.2128 534.941 
757.638 669.025 167.244 663.875 
711.04 174.696 49.2657 178.474 
728.106 583.67 119.6 588.936 
776.632 538.513 160.203 532.216 
718.803 393.249 83.9274 397.887 
755.628 646.206 160.684 641.968 
773.204 246.679 124.45 245.207 
737.319 387.425 101.882 389.183 
806.076 563.054 194.121 548.89 
735.765 164.762 75.3246 165.859 
785.44 254.024 137.485 250.764 
702.945 606.845 99.9432 616.39 
751.047 574.408 141.173 574.011 
738.841 593.793 131.786 597.003 
787.04 645.63 189.865 633.235 
781.458 242.733 132.761 239.782 
756.586 387.119 121.42 386.792 
727.457 488.811 103.814 493.664 
725.828 420.564 94.5977 424.38 
811.512 289.224 167.04 282.557 
822.784 573.299 212.239 555.127 
676.036 403.002 40.6602 415.72 
716.392 171.127 55.6769 174.436 
770.798 606.921 166.927 599.786 
681.783 341.038 40.7962 351.598 
697.065 484.701 72.921 494.384 
733.858 436.65 104.258 439.209 
775.041 526.709 157.297 521.389 
736.072 130.257 78.1777 129.691 
785.609 315.441 142.77 310.256 
713.703 281.309 65.294 284.968 
709.194 163.739 47.4985 166.567 
704.21 584.041 97.0865 593.909 
790.621 518.77 169.801 510.516 
722.717 174.646 62.2745 176.717 
680.726 377.425 42.4417 389.671 
828.34 375.406 190.068 364.077 
813.404 551.938 198.198 536.85 
777.464 623.09 177.102 613.6 
700.895 372.834 62.2728 381.09 
750.71 574.893 141.173 574.011 
791.354 264.834 143.899 260.905 
825.904 556.32 211.847 538.971 
686.762 372.319 48.5972 381.943 
638.627 581.837 28.6598 609.434 
716.496 613.5 113.548 621.23 
760.496 595.815 155.047 588.906 
719.294 104.099 50.2368 105.559 
781.202 616.34 178.412 606.903 
731.318 593.798 124.793 596.806 
742.494 616.838 141.036 617.05 
800.785 326.239 158.807 319.8 
727.514 290.339 81.0379 293.987 
741.545 508.766 122.594 509.715 
687.748 221.203 31.7313 227.501 
799.021 408.931 166.078 400.81 
831.608 532.951 211.314 515.234 
789.692 425.027 156.834 417.034 
815.028 559.424 201.475 543.411 
738.829 632.68 140.293 633.919 
786.768 584.099 179.296 573.792 
763.992 221.401 114.858 221.145 
671.75 596.459 64.2912 614.792 
814.815 297.913 170.185 290.598 
702.881 616.264 102.077 627.729 
664.142 520.237 44.4106 537.286 
757.542 347.641 119.113 347.011 
797.196 364.734 155.181 357.6 
784.733 333.866 142.936 329.829 
752.828 614.539 151.126 611.644 
795.422 548.735 182.016 538.162 
682.155 399.869 46.967 411.471 
709.708 451.412 80.8866 459.101 
717.687 614.971 113.548 621.23 
737.353 149.581 76.2434 150.296 
687.175 234.549 33.6891 241.198 
724.689 174.349 64.8828 176.265 
639.713 576.584 26.1381 602.069 
843.9 469.746 214.877 452.38 
832.577 248.686 183.159 240.868 
744.105 335.323 103.753 336.69 
693.501 347.842 53.2992 356.605 
812.225 625.693 208.514 608.238 
770.612 342.434 130.947 340.397 
729.145 381.425 94.1343 384.919 
719.792 629.199 120.913 635.002 
780.112 521.661 160.874 516.688 
761.62 579.293 152.729 576.136 
834.095 472.952 206.624 456.25 
820.987 489.919 195.947 475.939 
838.804 377.421 200.164 363.834 
708.261 416.503 76.6553 423.1 
662.886 384.451 24.5466 398.584 
762.125 324.023 120.359 322.991 
785.323 250.821 137.354 247.283 
737.897 104.019 71.36 105.01 
723.959 476.408 97.7378 481.784 
759.672 400.7 125.718 399.366 
741.15 171.784 81.6447 172.261 
780.903 631.008 181.476 620.095 
758.831 565.224 148.115 563.513 
790.643 364.488 155.181 357.6 
689.942 570.291 78.4768 583.552 
670.541 561.451 56.8213 579.479 
824.155 310.882 181.812 302.931 
717.197 102.732 50.2368 105.559 
684.265 393.349 48.6328 404.501 
799.967 315.615 157.107 308.939 
787.225 520.442 169.801 510.516 
712.318 590.729 103.704 600.363 
740.79 307.413 95.9264 309.444 
687.93 405.483 53.4117 415.434 
636.952 536.878 18.7364 562.916 
788.989 568.068 177.342 557.392 
736.781 546.298 121.53 547.652 
724.203 144.554 61.0124 146.367 
786.546 659.32 191.053 646.091 
665.301 353.787 25.4201 365.602 
781.927 599.248 177.025 590.208 
837.823 488.85 213.139 470.744 
680.379 350.691 40.1079 360.803 
756.328 669.223 167.244 663.875 
653.104 383.163 14.1732 399.683 
790.801 353.724 149.942 350.95 
679.469 291.905 31.4611 301.063 
737.456 588.018 131.248 589.251 
782.237 279.972 137.282 277.274 
733.735 248.138 82.2841 250.49 
747.324 386.397 111.754 388.155 
745.464 595.504 136.586 595.715 
753.402 384.373 121.42 386.792 
809.97 259.336 161.047 252.85 
667.352 442.434 36.9132 460.453 
829.437 530.792 211.314 515.234 
739.602 594.664 131.786 597.003 
760.789 269.716 114.581 270.694 
637.591 591.038 28.8346 618.226 
753.128 294.306 105.128 294.836 
659.846 563.258 44.5383 584.84 
717.858 589.023 109.802 594.959 
622.975 589.491 14.5598 620.346 
721.561 398.424 86.4261 403.638 
823.987 526.168 204.332 510.094 
796.338 305.984 153.899 301.523 
704.218 457.143 75.9138 465.296 
722.068 460.071 95.1978 463.194 
799.834 649.59 201.812 633.607 
697.465 349.933 57.7248 358.623 
738.999 587.278 131.248 589.251 
792.85 633.664 192.557 618.813 
750.342 369.23 114.511 369.417 
745.45 632.716 147.456 631.657 
662.517 575.469 50.1279 596.353 
691.864 278.396 41.9364 284.079 
820.352 336.831 178.267 327.292 
783.431 344.175 143.809 339.695 
708.982 153.704 47.0373 152.152 
697.01 389.504 60.9643 399 
788.367 629.487 188.625 617.38 
832.885 315.678 188.952 304.903 
718.312 131.198 53.2496 137.034 
789.852 328.206 148.685 323.135 
777.871 580.692 169.106 573.147 
745.712 561.877 133.877 561.31 
815.901 577.947 205.541 561.393 
718.622 291.701 71.9066 296.249 
792.832 636.646 193.663 622.664 
651.841 535.269 33.733 558.479 
771.724 579.784 163.78 574.644 
741.053 160.517 79.3575 158.663 
688.297 532.29 72.4113 545.089 
828.128 477.767 202.848 461.967 
740.345 623.92 140.805 624.593 
757.602 406.004 129.856 403.704 
720.768 198.967 62.0586 196.415 
811.541 416.804 177.949 405.929 
731.952 253.88 79.1476 257.97 
713.955 283.399 65.294 284.968 
703.43 619.139 102.946 629.039 
140.814 547.123 433.441 405.883 
636.596 536.837 18.7364 562.916 
844.79 396.066 207.465 381.464 
751.439 653.068 158.437 649.188 
682.391 524.125 64.7748 539.534 
754.249 615.84 152.79 612.69 
680.278 358.448 40.453 371.207 
752.821 611.102 150.987 609.402 
818.112 312.754 175.209 304.81 
670.884 589.281 63.8939 606.094 
710.79 245.803 57.9934 250.695 
724.261 418.797 92.7271 424.429 
680.086 390.788 42.281 404.125 
839.383 335.928 196.098 324.605 
755.534 468.551 131.915 468.362 
737.899 125.617 73.0979 125.951 
815.581 433.716 183.571 422.627 
787.261 387.977 152.069 382.988 
792.169 391.324 156.271 387.75 
710.817 145.76 47.6455 148.281 
738.042 128.626 73.9111 126.853 
796.506 410.181 163.849 402.895 
726.256 290.333 78.7113 293.945 
721.675 398.805 86.4261 403.638 
525.879 582.372 705.264 254.91 
808.414 277.98 162.569 271.725 
742.461 536.275 125.522 537.244 
669.972 442.398 36.9132 460.453 
739.926 308.311 95.9264 309.444 
727.701 375.668 91.1774 379.269 
729.191 486.32 105.278 490.962 
763.117 567.334 151.272 562.878 
706.59 182.887 47.0529 187.463 
726.802 97.8854 60.0287 133.947 
749.361 534.02 133.519 533.168 
772.732 565.913 160.25 560.6 
351.864 594.787 262.15 379.92 
644.226 622.48 40.8536 647.985 
714.51 653.757 121.089 660.452 
692.886 361.561 54.062 371.565 
761.518 522.483 143.281 519.998 
795.401 594.263 188.889 581.723 
731.949 462.762 103.994 466.748 
806.091 370.955 159.068 365.894 
766.666 553.86 152.17 547.636 
465.296 605.946 716.853 496.287 
750.707 369.462 114.511 369.417 
731.134 520.003 113.416 522.526 
692.136 438.576 63.0381 448.543 
784.914 659.121 188.9 646.493 
798.223 460.592 173.059 451.811 
674.816 575.702 64.1511 589.796 
768.075 472.301 141.072 468.531 
729.082 364.687 92.6585 367.786 
758.903 442.597 131.479 440.487 
732.741 605.59 131.175 605.462 
412.723 574.302 200.892 644.559 
745.466 651.473 151.345 649.776 
774.769 450.918 147.059 446.47 
736.956 151.583 75.9008 148.417 
594.469 410.328 534.462 273.227 
773.062 479.97 150.614 474.272 
712.924 489.721 90.2685 498.853 
795.728 595.856 188.889 581.723 
779.829 640.086 182.325 629.644 
538.016 553.701 231.302 304.268 
318.025 276.996 285.641 322.875 
783.896 659.34 188.9 646.493 
682.795 338.157 78.2232 362.773 
660.765 518.746 40.7672 540.211 
786.762 475.56 161.406 467.963 
828.877 534.085 210.017 516.82 
542.195 467.716 157.502 412.48 
718.346 330.499 79.9686 333.843 
725.172 127.698 60.0287 133.947 
737.735 496.623 115.077 498.739 
86.4792 462.363 590.075 423.184 
724.352 490.746 101.187 495.775 
785.911 423.007 153.469 417.141 
640.203 166.825 590.039 186.179 
742.3 324.573 101.609 324.489 
717.599 640.108 121.344 645.338 
523.965 327.207 590.075 423.184 
763.542 454.291 136.707 452.757 
184.979 480.883 774.223 421.123 
692.301 576.068 82.2907 588.422 
796.308 472.305 169.066 463.088 
264.932 315.097 407.461 671.818 
364.932 250.702 369.546 491.982 
628.95 435.086 802.032 243.104 
22.9516 443.107 565.494 350.519 
798.23 492.864 175.822 482.188 
313.076 195.376 577.935 224.063 
734.71 169.47 73.4609 168.383 
