501
837.216 476.255 793.868 67.8955 
816.761 936.625 814.383 120.846 
650.305 855.952 230.355 794.191 
1297.85 479.912 793.868 67.8955 
1096.73 513.971 793.868 67.8955 
1571.97 515.942 819.152 113.004 
1498.97 439.045 230.355 794.191 
1481.84 409.457 230.355 794.191 
1519.09 464.773 230.355 794.191 
1500.48 436.97 230.355 794.191 
769.243 876.178 795.438 57.9993 
1305.17 990.939 1332.28 884.609 
1201.48 575.601 855.713 125.162 
753.656 860.548 799.008 43.8248 
794.309 861.271 799.008 43.8248 
779.979 863.56 775.22 46.7178 
802.533 860.535 799.008 43.8248 
790.123 1035.34 806.197 236.816 
1387.72 903.67 1540.06 572.872 
1277.34 625.762 646.648 617.854 
740.506 1026.72 736.865 209.852 
609.557 1052.17 605.531 236.81 
852.014 1087.74 850.489 271.72 
736.733 1023.35 603.706 268.455 
609.786 1194.51 608.755 377.322 
609.378 1193.81 608.755 377.322 
846.3 1131.56 844.535 314.549 
646.226 1113.31 1647.66 1141.1 
598.476 1225.15 601.104 408.091 
830.936 1119.51 812.886 289.027 
649.164 793.49 810.029 83.8694 
1040.72 1283.85 295.938 547.125 
674.653 919.955 669.365 100.93 
689.286 1066.14 686.686 249.912 
729.182 1086.98 726.805 270.84 
1211.31 1221.06 1204.18 407.592 
1078.51 1201.45 1074.06 384.654 
950.048 1284.07 295.938 547.125 
739.443 1088.94 737.644 273.158 
698.983 1101.38 695.19 285.481 
850.41 1330.81 849.369 510.652 
852.598 1266.36 851.72 448.231 
1662.24 550.892 800.204 646.653 
821.156 977.501 813.174 140.655 
852.282 1266.66 851.72 448.231 
1169.68 1228.3 1162.98 413.068 
1447.68 847.252 1465.46 40.4914 
872.636 1186.51 870.597 367.669 
1493.14 396.684 1633.29 836.521 
1289.22 1279.05 295.938 547.125 
1019.07 1284.14 295.938 547.125 
870.229 943.085 868.509 122.838 
497.925 430.853 468.74 623.838 
968.333 1292 167.034 544.7 
871.196 994.594 870.064 316.747 
717.629 1074.03 737.644 273.158 
782.811 1117.59 781.071 300.744 
1029.95 1277.93 194.788 544.882 
963.497 1283.97 295.938 547.125 
906.039 458.235 804.318 868.863 
874.905 963.329 873.222 143.549 
926.485 951.884 925.429 132.411 
1513.43 642.018 1641.3 329.361 
1672.44 560.298 800.204 646.653 
602.867 1019.53 597.654 204.893 
564.117 1054.47 559.711 240.466 
1588.15 1317.03 1563.35 516.158 
690.31 1277.96 692.24 459.486 
826.566 1320.11 825.956 499.465 
1416.94 453.243 232.145 899.728 
1428.97 514.038 1664.23 119.063 
89.0872 594.701 1520.98 848.078 
1518.14 841.1 1538.74 36.7244 
1366.33 739.586 1472.74 121.789 
958.946 1006.45 957.723 188.095 
1574.1 1188.56 1562.69 392.029 
1117.91 955.306 936.993 132.753 
1677.39 1035.92 1681.3 247.114 
113.835 538.402 266.786 562.962 
1513.77 839.808 1534.4 37.131 
1016.82 953.614 925.429 132.411 
1110.81 946.947 1113.03 130.579 
713.805 1076.09 711.051 258.936 
1106.49 955.14 925.429 132.411 
1205.64 956.503 936.993 132.753 
1116.46 1028.65 1116.68 212.839 
834.413 1113.48 817.329 388.459 
765.798 1111.11 764.011 294.984 
612.206 1008.98 607.286 193.95 
954.597 581.314 243.234 790.6 
258.947 846.831 233.906 39.6007 
1114.64 1136.08 925.429 132.411 
857.523 1312.73 854.167 489.793 
96.9368 548.631 1535.44 816.186 
1209.43 1119.97 1206.83 307.259 
368.494 1215 373.643 407.176 
901.88 950.89 900.737 131.337 
1558.16 1224.82 1544.16 427.095 
1193.61 956.175 925.429 132.411 
287.012 856.213 264.069 48.0164 
802.833 1135.25 801.138 318.627 
649.842 787.456 810.029 83.8694 
1498.89 1171.93 1489.98 372.22 
1468.36 751.463 1140.79 95.1826 
868.012 1004.35 866.304 184.891 
1287.31 1002.93 1290.4 192.922 
602.967 1238.86 605.595 422.985 
1175.87 831.427 1184.25 12.5693 
1164.27 1223.02 1158.12 408.011 
984.784 1192.89 981.466 375.372 
832.033 1168.4 845.959 362.566 
1028.66 942.524 1119.99 127.118 
1365.55 1247.52 1354 439.914 
1048.95 833.046 1052.87 11.0879 
1343.57 1204.46 1335.95 397.45 
1630.65 981.002 1639.77 189.204 
1625.99 1165.23 1614.52 373.652 
1343.72 1205.23 1335.95 397.45 
834.155 1218.39 817.329 388.459 
86.3585 583.662 1520.98 848.078 
383.586 1216.52 388.88 407.597 
89.5038 1046.1 81.3383 255.203 
1177.66 1023.12 1177.37 209.288 
1043.89 1231 1201.16 415.588 
1178.88 1215.87 1172.34 400.598 
1194.55 663.297 880.996 1349.08 
218.446 515.09 793.969 656.868 
635.24 1246.48 637.034 428.723 
126.261 1045.63 118.178 252.078 
1074.1 1216.27 1069.37 398.809 
201.42 931.193 182.989 130.762 
267.371 1043.18 260.63 241.755 
750.091 1179.91 749.314 363.055 
1530.17 955.661 1540.47 147.647 
1593.53 1224.82 1576.94 429.359 
665.3 1090.65 663.246 274.332 
372.201 1224.6 376.967 417.606 
1640.67 1148.74 1560.86 348.01 
1342.19 1195.38 1334.35 387.075 
1349.3 1215.26 1340.39 407.203 
857.264 1288.97 856.152 469.286 
690.452 1080.58 688.27 267.412 
371.931 1224.91 376.967 417.606 
439.394 1132 438.34 322.139 
872.722 1232.18 870.136 412.065 
1173.17 835.624 1181.32 16.8333 
1290.48 1123.65 1287.2 314.418 
818.115 1074.54 833.989 457.605 
858.77 1290.42 857.609 471.896 
1616.56 1160.55 1607.14 368.631 
251.015 1213.06 258.813 410.78 
1063.4 1210.49 1058.89 392.93 
859.033 1290.53 857.609 471.896 
1045.54 1226.38 1040.63 408.979 
1067.92 1236.1 1062.65 418.55 
1381.66 743.505 1488.08 125.855 
391.198 1117.27 221.716 322.235 
151.083 568.15 72.7262 243.843 
230.932 860.093 375.485 36.665 
1654.51 1163.93 1642.75 373.668 
1376.38 842.544 1393.97 32.7398 
1524.19 854.616 1535.55 52.3617 
1502.92 759.038 1609.09 144.4 
964.513 1124.5 962.311 306.593 
1109.24 916.785 930.266 90.5047 
1098.35 1294.43 1091.09 476.556 
276.527 927.363 259.347 123.389 
1082.55 1229.85 1077.44 412.79 
182.37 1224.93 193.002 423.544 
512.391 470.221 461.93 94.6871 
132.329 1003.1 411.849 405.291 
1144.97 1225.05 1138.81 409.074 
1263.5 1021.93 1266.01 210.908 
1193.63 1046.32 1192.87 233.381 
1649.68 869.054 1458.15 43.6819 
801.55 1085.85 816.629 284.665 
1539.18 1115.75 1535.07 319.103 
1676.75 1244.56 1655.76 452.919 
1261.62 1017.03 1263.81 206.338 
728.293 1101.87 725.741 285.08 
701.874 1016.59 700.67 203.723 
270.366 1214.72 278.255 411.068 
1488.62 852.38 1509.79 49.4505 
1308.46 1108.15 910.273 692.869 
55.3287 995.912 40.2093 206.251 
219.709 851.022 192.91 46.2076 
183.217 1121.79 183.8 325.052 
858.458 615.116 524.024 636.239 
1625.76 1090.6 1623.37 298.591 
1311.56 847.001 1320.91 31.9377 
1218.47 1025.24 1218.71 211.902 
1563.17 1099.44 1561.11 306.709 
242.96 920.067 224.592 117.194 
1260.18 484.576 637.868 443.974 
515.327 866.568 501.442 49.3912 
1281.77 997.698 1284.56 187.55 
447.11 1084.49 443.931 274.338 
1195.81 997.969 1197.75 184.365 
681.828 1139.55 671.289 801.282 
302.537 926.759 286.687 121.332 
1612.11 1116.19 1607.01 323.991 
802.553 1057.13 819.14 447.816 
374.04 1129.54 374.276 322.497 
1664.16 558.729 800.204 646.653 
1516.12 1225.77 1502.55 425.992 
1216.76 1024.57 1136 208.814 
1226.81 958.342 1230.98 145.353 
110.45 1099.02 109.726 307.936 
93.4109 1223.52 107.22 427.66 
171.865 468.334 468.74 623.838 
816.138 1090.65 814.709 273.9 
1598.08 1253.78 1139.41 445.833 
301.281 922.804 285.105 117.489 
1297.72 1129.66 1116.95 315.812 
1058.4 1077.4 1057 261.378 
311.278 1098.48 309.392 295.043 
1026.83 1292.11 167.034 544.7 
1138.48 845.935 1144.3 26.0876 
553.757 1180.6 554 367.178 
128.827 473.098 310.962 705.248 
1076.05 1225.94 1070.9 408.866 
1388.86 1256.88 1395.51 690.005 
1230.29 1207.33 1223.03 395.434 
1653.8 1118.37 1647.6 328.421 
1091.24 920.418 1184.1 106.833 
1140.03 1191.13 1135.19 376.116 
1326.4 863.162 1340.18 50.8938 
1302.95 1123.6 1031.14 307.77 
53.1283 1221.85 66.6909 430.368 
446.385 1096.86 443.854 286.914 
646.628 1174.83 647.503 363.455 
1416.44 1246.87 1404.76 441.058 
1463.94 1245.56 1449.53 441.294 
574.771 983.049 567.976 168.149 
1136.63 1023.59 1136 208.814 
889.245 1200.48 886.863 381.545 
904.5 1123.37 902.664 305.721 
780.158 1338.59 781.003 518.356 
1189.27 1050.88 1190.21 236.01 
996.533 1018.83 995.564 201.387 
1330.14 1042.1 115.982 446.188 
870.12 1291.61 868.547 471.989 
1408.02 1226.08 1396.17 419.419 
306.437 1258.98 316.081 453.106 
1239.13 1136.52 1235.08 325.263 
391.595 1262.42 398.785 451.237 
36.378 1030.3 25.5867 241.35 
190.323 1117.37 189.906 320.368 
747.832 1049.19 746.229 233.734 
1534.52 967.392 1544.03 159.801 
197.602 1211.17 205.705 412.134 
140.35 931.899 120.224 134.897 
1229.68 1070.49 1228.38 258.83 
499.222 1145.09 498.882 332.991 
1629.51 1032.73 1633.9 242.035 
1340.9 1103.19 418.411 254.397 
1089.47 1062.14 1088.33 246.442 
647.044 1175.31 647.503 363.455 
1463.2 912.656 1475.93 109.899 
984.013 978.49 983.469 159.842 
1664.35 1225.12 1646.05 433.132 
276.892 1031.53 271.086 229.499 
395.234 1245.04 401.379 436.721 
109.024 539.915 796.631 723.696 
304.867 1259 314.4 453.487 
1149.22 1216.02 1143.03 400.381 
131.883 865.843 102.785 66.1096 
1553.76 932.793 1567.07 135.719 
1654.42 788.885 1481.3 140.057 
1283.8 1141.77 1279.58 332.108 
112.876 509.878 796.631 723.696 
971.923 945.156 971.633 125.909 
312.08 1118.52 311.29 314.37 
28.2416 1094.2 26.4519 306.28 
1666.22 561.407 800.204 646.653 
732.202 1141.44 731.412 324.709 
1567.49 1115.27 1562.93 320.818 
1139.72 960.183 1142.05 143.895 
704.914 1161.7 704.936 345.337 
1124.14 1230.12 1077.44 412.79 
656.518 794.381 810.029 83.8694 
501.816 1160.97 502.031 349.026 
951.757 1074.38 949.826 255.819 
1203.1 1334.45 1191.82 517.39 
1151.51 838.771 1158.19 20.5554 
222.732 1219.18 232.489 419.216 
849.552 1356.07 848.882 535.808 
133.442 1260.35 150.125 461.717 
91.0303 583.148 1535.44 816.186 
827.277 1042.6 1683.32 463.742 
134.739 1259.81 150.125 461.717 
1101.43 938.222 1103.94 120.531 
1023.21 959.875 931.259 138.063 
268.047 1029.23 259.588 228.562 
364.137 1235.1 370.419 429.702 
1647.15 1119.06 1641.3 329.361 
196.114 940.045 177.6 141.9 
1063.39 947.026 768.581 1231.45 
1179.33 922.138 1184.1 106.833 
1008.44 1028.08 1007.97 210.555 
1297.22 1118.75 1294.34 309.608 
1647.47 1191.27 1633.66 399.799 
868.948 1127.52 867.098 309.355 
439.71 1053.09 434.723 243.43 
996.662 1028.73 995.709 210.835 
1327.37 832.506 1342.13 19.6435 
363.94 1235.31 370.419 429.702 
1009.88 882.323 1010.7 61.2177 
915.336 1074.56 913.183 256.72 
928.131 1075.25 926.805 257.393 
241.976 1106.56 240.347 306.414 
1439.11 1225.98 1427.15 422.247 
1019.86 1232.9 1015.81 414.468 
508.139 1165.93 508.788 354.09 
1603.33 1245.89 1585.41 450.135 
1048.5 843.803 1051.91 22.1664 
1118.21 1082.42 1116.25 267.724 
1149.54 1236.45 1102.4 420.82 
428.285 914.993 414.768 103.351 
221.553 1121.26 221.716 322.235 
971.177 1236.56 968.292 416.478 
279.613 845.006 212.367 233.66 
1476.9 928.077 1488.08 125.855 
296.711 1091.32 293.562 288.21 
1031.85 1027.84 1031.02 209.604 
427.965 914.729 414.375 103.052 
101.816 1216.83 113.435 422.28 
942.847 864.128 942.609 41.9954 
1004.43 853.103 1006.99 30.3481 
247.283 821.798 218.87 13.141 
788.525 1345.67 789.21 525.058 
81.312 549.406 1520.98 848.078 
597.124 975.151 587.1 340.822 
831.946 1078.66 845.959 362.566 
114.58 1056.63 107.432 264.179 
1538.31 1240.74 1521.67 441.584 
1670.54 571.24 800.204 646.653 
252.947 934.762 235.886 131.83 
1101.64 937.326 1103.94 120.531 
332.235 1148.74 333.792 343.896 
1661.47 944.036 1185.22 283.042 
1021.17 1024.65 1020.45 207.233 
1116.2 1003.76 1116.49 188.383 
538.81 1230.72 541.899 416.357 
818.708 1190.23 818.18 373.546 
1034.87 1213.11 1030.55 395.097 
1112.22 900.537 1115.27 82.845 
980.759 1037.49 979.542 219.246 
1210.1 1140.47 1025.95 323.209 
1660.4 1021.04 1665.92 232.331 
275.198 841.828 250.453 33.5447 
1005.11 852.755 1006.99 30.3481 
1309.16 844.582 1320.91 31.9377 
214.833 937.035 235.886 131.83 
1075.77 1007.11 1076.21 190.976 
830.884 1231.29 830.053 414.623 
1594.04 1022.56 1597.31 229.699 
1180.07 1012.31 1181.28 198.883 
489.977 1158.1 490.832 345.433 
1618.8 866.73 1643.38 70.1236 
579.765 894.855 569.85 77.7115 
1121.73 1019.54 1122.15 204.004 
1181.38 1009.28 1182.15 195.96 
1205.06 1001.55 1207.22 188.599 
957.558 1062.48 955.464 244.115 
1141.12 1295.44 1133.07 477.355 
513.753 961.305 505.174 147.556 
1164.69 1016.2 1165.94 202.261 
898.662 1070.03 896.739 252.148 
893.229 997.938 891.419 179.152 
979.753 1248.47 975.624 429.062 
1590.71 934.502 1604.58 138.943 
1563.1 1323.24 1539.16 520.682 
1428.49 711.673 1611.14 95.3927 
1120.61 1117.9 1027.04 301.806 
798.796 1192.38 797.997 375.435 
100.396 1217.43 113.435 422.28 
1663.2 556.384 800.204 646.653 
779.071 1332.53 779.856 511.762 
952.442 1021.14 951.973 202.421 
555.518 893.74 544.498 76.897 
393.595 1127 261.795 329.407 
847.658 1024.8 1444.19 816.101 
256.88 1031.86 248.374 230.65 
688.4 1240.25 688.681 423.276 
470.247 876.167 455.015 61.7458 
1307.88 842.587 1320.91 31.9377 
1626.15 1228.2 1608.95 434.478 
1648.99 966.466 1661.09 175.644 
945.665 1208.88 943.278 389.072 
1204.72 1183.52 1199.42 370.596 
1228.59 1058.54 1229.62 247.948 
281.126 1126.74 280.846 324.717 
888.776 1219.51 886.818 401.088 
1259.68 1031.27 1260.7 220.7 
1237.01 1078.24 1235.65 267.326 
1173.78 877.135 1180.1 60.0232 
1215.93 1005.29 1217.99 192.803 
128.836 938.364 108.628 142.521 
383.042 1122.27 251.053 324.699 
152.931 849.467 121.387 45.6778 
490.758 1292.11 497.73 476.98 
197.515 1050.72 233.476 57.821 
1185.64 1231.19 1178.15 414.902 
352.948 1029.19 179.643 46.0308 
505.777 889.596 493.315 74.2915 
1070.13 1115.05 1067.23 298.277 
1647.28 1022.81 1652.25 232.168 
587.513 916.269 1333.54 446.941 
152.092 847.273 121.387 45.6778 
1073.74 1117.06 1069.86 300.012 
398.625 912.374 384.406 102.019 
379.296 1145.34 85.6895 356.79 
1578.8 962.026 1589.77 166.675 
913.332 935.821 913.163 115.798 
467.272 829.699 446.534 222.879 
1480.68 1197.74 1470.19 388.745 
1152.57 1189.38 1147.28 374.59 
1309.76 1316.18 1296.1 503.204 
1126.81 1072.19 1125 256.299 
861.65 829.852 284.345 569.346 
765.776 1125.93 764.632 309.851 
954.927 1043.3 953.665 224.986 
398.962 908.21 383.012 97.0636 
1085.2 1019.6 1085.89 203.697 
1519.67 880.629 1537.38 77.9585 
1059.17 917.611 1061.46 99.6553 
268.341 1139.21 104.688 348.207 
289.23 932.907 273.811 128.192 
93.9883 940.76 71.6244 146.336 
1307.04 1315.95 1294.4 502.368 
1269.05 1049.5 1268.91 239.631 
1255.86 485.634 637.868 443.974 
1534.44 966.097 1544.03 159.801 
1519.4 879.397 1537.38 77.9585 
113.934 1115.71 114.392 322.168 
372.154 742.676 169.013 207.971 
1461.27 1208.51 1579.78 717.779 
900.89 1249.61 898.742 430.094 
116.386 1035.26 107.362 241.216 
1111.41 921.67 1115.15 106.11 
455.616 1034.21 449.222 223.748 
80.7923 1084.29 77.5022 294.752 
261.751 923.82 245.119 120.742 
1023.5 1169.93 1016.97 168.307 
1179.23 1222.77 1172.76 407.762 
83.1191 1082.67 79.4418 292.662 
1544.98 879.042 1563.39 77.9624 
1069.03 1007.76 1067.28 191.353 
84.1563 1215.56 96.9876 422.267 
242.033 1105.55 240.685 305.787 
938.806 1198.58 935.617 379.91 
520.061 966.526 511.101 153.418 
716.515 934.536 711.311 116.799 
1116.36 848.551 1122.33 29.2951 
1224.95 845.041 1234.26 28.2177 
1129.48 1189.47 1123.93 373.897 
1253.22 1091.17 1252.75 280.162 
415.758 1313.24 425.569 500.675 
1440.33 1035.68 1440.98 227.15 
989.627 1171.1 987.555 353.944 
1140.14 1017.14 1140.65 202.672 
1551.25 1139.82 1544.7 343.825 
1237.76 1094.95 1235.57 282.66 
710.69 1078.73 730.405 277.901 
976.271 1045.32 974.614 227.326 
976.041 992.26 974.6 173.895 
1102.77 1030.9 1102.4 215.307 
684.993 1313.15 687.994 493.754 
85.3748 1216.5 96.9876 422.267 
1154.92 944.241 1157.97 129.012 
865.194 879.132 274.017 442.923 
112.917 1114.88 113.22 321.284 
1255.8 1045.88 1255.83 236.055 
1021.5 1068.02 1020.56 250.019 
278.973 1153.87 281.426 351.492 
319.422 1118.49 318.168 314.443 
1362.99 865.684 1376.12 55.733 
518.902 982.796 511.921 169.423 
1537.16 1209.88 1522.95 412.953 
1033.84 939.826 942.436 117.001 
326.349 940.76 313.376 129.051 
216.404 1029 207.633 225.005 
424.497 926.025 411.542 114.541 
114.949 1071.16 108.935 278.999 
253.083 1021.43 244.771 220.632 
1408.78 825.451 1426.52 15.1855 
526.933 965.299 518.811 151.209 
1129.26 1248.4 1123.36 431.291 
1078.03 1169.71 1074.09 353.567 
515.651 880.825 502.586 26.8425 
946.83 1072.46 945.387 254.437 
911.42 1002.67 909.281 184.496 
734.721 1242.11 735.51 424.519 
411.973 996.789 404.471 187.566 
181.819 1046.8 174.032 249.937 
231 1114.36 230.095 315.133 
1062.27 852.512 1066.31 30.9273 
979.4 971.631 979.058 152.821 
1160.97 1239.23 1154.53 424.017 
1232.96 1316.8 1221.79 500.063 
