0.664493
0.261313
0.272123
0.330099
0.696272
0.444725
0.457223
0.376376
0.575298
0.410256
0.586168
0.626961
0.587817
0.523264
0.579916
0.560464
0.552044
0.649898
0.689884
0.641237
0.522253
0.420823
0.559409
0.584399
0.514397
0.493965
0.477518
0.393298
0.402748
0.342185
0.337561
0.593671
0.592217
0.505517
0.669299
0.641833
0.665972
0.471013
0.546801
0.57424
0.624678
0.416574
0.353819
0.51605
0.668652
0.280605
0.34553
0.662946
0.563897
0.6856
0.205407
0.494321
0.448308
0.334042
0.591684
0.450763
0.652652
0.272873
0.693052
0.331313
0.455878
0.395984
0.581973
0.493504
0.681371
0.237187
0.414238
0.377417
0.617245
0.557423
0.40489
0.472793
0.657131
0.480893
0.627175
0.670671
0.651582
0.604721
0.431068
0.523249
0.648339
0.620182
0.543397
0.562767
0.460829
0.517182
0.404402
0.412664
0.392764
0.46799
0.674892
0.533548
0.683333
0.655781
0.390209
0.54602
0.688231
0.409663
0.679117
0.27092
0.28473
0.691933
0.407437
0.64976
0.642323
0.387784
0.672206
0.635609
0.460691
0.555929
0.605555
0.379657
0.531022
0.615367
0.382955
0.317922
0.566426
0.40807
0.586431
0.594484
0.421881
0.680261
0.452349
0.401504
0.384515
0.380924
0.402281
0.517269
0.568752
0.684902
0.584847
0.35576
0.395758
0.685319
0.699212
0.59433
0.459062
0.400373
0.236483
0.448691
0.68048
0.35276
0.438508
0.372129
0.59634
0.407765
0.654493
0.314768
0.51322
0.556234
0.664203
0.282049
0.591583
0.500708
0.415489
0.592476
0.692554
0.527985
0.494029
0.582454
0.296403
0.437921
0.461498
0.594648
0.426997
0.552317
0.412812
0.665864
0.52475
0.475528
0.333122
0.600295
0.593601
0.588437
0.561368
0.609268
0.55363
0.559252
0.449763
0.612169
0.649333
0.459151
0.25806
0.50445
0.560928
0.425837
0.610815
0.39997
0.534843
0.554029
0.620092
0.527604
0.686064
0.56166
0.554806
0.611789
0.6967
0.439497
0.402691
0.484371
0.466858
0.696655
0.361675
0.432983
0.509048
0.57434
0.33087
0.515464
0.628251
0.600606
0.553999
0.547241
0.500103
0.336176
0.449365
0.630637
0.447891
0.428336
0.681616
0.376045
0.456487
0.523338
0.464999
0.345562
0.510844
0.459512
0.57397
0.542722
0.620571
0.666864
0.523909
0.556385
0.494413
0.680957
0.493373
0.295166
0.436384
0.530864
0.617042
0.463192
0.660279
0.235902
0.479992
0.564802
0.605099
0.615219
0.359398
0.560597
0.677465
0.607668
0.609546
0.236938
0.30491
0.34035
0.354321
0.377101
0.536052
0.462993
0.612839
0.349194
0.691907
0.464251
0.599744
0.34197
0.232656
0.233359
0.590359
0.468853
0.401615
0.401235
0.532148
0.373699
0.525936
0.604538
0.524045
0.477902
0.58943
0.377717
0.596844
0.678069
0.451849
0.60882
0.654208
0.613801
0.445516
0.526932
0.418213
0.412091
0.515259
0.490101
0.689875
0.29653
0.485739
0.694081
0.622103
0.363147
0.648853
0.445897
0.565204
0.500277
0.486157
0.690757
0.648138
0.670692
0.494847
