0.554366
0.512606
0.479674
0.508807
0.680716
0.692577
0.660806
0.603787
0.520886
0.541209
0.671489
0.622849
0.681777
0.620923
0.667595
0.567296
0.591133
0.6398
0.676335
0.633072
0.624566
0.564155
0.459422
0.630365
0.673364
0.544669
0.631799
0.693019
0.63427
0.507445
0.597047
0.667332
0.697684
0.520637
0.687464
0.443206
0.694491
0.590285
0.407132
0.476106
0.68389
0.593069
0.682599
0.640289
0.510459
0.498086
0.69848
0.407761
0.597007
0.638315
0.676271
0.505716
0.567116
0.69987
0.671999
0.609124
0.405453
0.674671
0.470479
0.662347
0.592525
0.425273
0.677948
0.593265
0.434626
0.581232
0.339654
0.660103
0.663318
0.692184
0.69857
0.699454
0.625425
0.61799
0.693219
0.585804
0.44495
0.473223
0.691652
0.606008
0.612551
0.605869
0.495406
0.685333
0.534204
0.671984
0.696585
0.685431
0.678316
0.579556
0.599806
0.692762
0.5942
0.694647
0.679424
0.606031
0.638398
0.392821
0.591116
0.450416
0.650414
0.686594
0.689706
0.662145
0.501293
0.603122
0.639373
0.534985
0.691609
0.656851
0.66011
0.495469
0.648197
0.461429
0.617401
0.593516
0.587082
0.598256
0.633057
0.687302
0.620263
0.346996
0.459067
0.558171
0.506485
0.686314
0.677654
0.577928
0.612546
0.326997
0.550917
0.571259
0.599174
0.691786
0.685107
0.514311
0.558121
0.555615
0.616834
0.430523
0.679915
0.667238
0.468225
0.693467
0.607076
0.397783
0.577365
0.677286
0.605844
0.593517
0.570809
0.600173
0.657174
0.627301
0.564667
0.559927
0.569083
0.676181
0.661245
0.611835
0.627201
0.698506
0.46033
0.425671
0.664419
0.649126
0.694021
0.42199
0.531575
0.669574
0.623202
0.575621
0.563704
0.664353
0.649209
0.469351
0.666643
0.679777
0.678254
0.63272
0.603424
0.501808
0.686451
0.587446
0.583803
0.671854
0.67013
0.69881
0.538431
0.653096
0.572583
0.694109
0.673357
0.62578
0.607422
0.637212
0.675798
0.654817
0.695491
0.508412
0.504813
0.6956
0.460293
0.568849
0.500223
0.677632
0.660706
0.434224
0.591765
0.421918
0.613812
0.690822
0.601536
0.616215
0.571315
0.626059
0.683792
0.680962
0.588036
0.681131
0.478861
0.609173
0.561918
0.583924
0.567523
0.62086
0.681496
0.690301
0.648872
0.500154
0.632003
0.676549
0.421739
0.632711
0.642541
0.666307
0.578168
0.559735
0.667564
0.626568
0.597088
0.695735
0.637935
0.400877
0.641966
0.510785
0.633099
0.557156
0.697512
0.695655
0.606868
0.632055
0.411468
0.554958
0.647161
0.675003
0.46271
0.612777
0.401301
0.577661
0.587172
0.695321
0.371133
0.653132
0.566609
0.685492
0.457324
0.601241
0.65812
0.584814
0.669079
0.388711
0.56768
0.623566
0.612766
0.562657
0.617589
0.46944
0.643215
0.637468
0.640952
0.684523
0.608235
0.668953
0.626082
0.574991
0.590024
0.445727
0.69747
0.662092
0.368771
0.580182
0.613986
0.389588
0.616304
0.593942
0.693735
0.617662
0.676372
0.594779
0.694595
0.534928
0.646404
0.545063
0.450243
0.688735
0.548833
0.585275
0.555082
0.478155
0.6314
0.673528
0.40637
0.508134
0.579505
0.536429
0.609359
0.5833
0.654729
0.441268
0.525182
0.624093
0.51062
0.507532
0.476852
0.625467
0.575481
0.663702
0.623061
0.594599
0.438463
0.6939
0.699681
0.680375
0.669113
0.566523
0.654241
0.436634
0.622833
0.409908
0.652441
0.348618
0.49118
0.583751
0.509141
0.661407
0.491095
0.604456
0.688657
0.341328
0.394336
0.590157
0.494272
0.678881
0.623272
0.6345
0.610535
0.596426
0.438274
0.681385
0.560884
0.515508
0.650836
0.585573
0.606595
0.679448
0.495473
0.506209
0.534275
0.566586
0.559638
0.643477
0.581915
0.693031
0.629224
0.606519
0.615447
0.64417
0.424826
0.516176
0.632212
0.537491
0.647488
0.428441
0.58032
0.45775
0.680029
0.581253
0.533089
0.533061
0.422215
0.662156
0.519521
0.57949
0.595451
0.339659
0.537458
0.423757
0.600145
0.654693
0.643306
0.536256
0.683306
0.684834
0.688398
0.679381
0.552834
0.59018
0.627529
0.469791
0.492469
0.487181
0.670834
0.696619
0.608407
0.682804
0.669862
0.589662
0.576856
0.60195
0.420818
0.653867
0.555341
0.6314
0.532919
0.501709
0.639063
0.687324
0.654223
0.598198
0.661068
0.57627
0.635676
0.692377
0.684525
0.32247
0.675405
0.671878
0.495813
0.613388
0.58317
0.635962
0.663453
0.684526
0.681079
0.585283
0.440594
0.62561
0.551971
0.469011
0.381651
0.662713
0.484138
0.573548
0.416018
0.634437
0.588577
0.508945
0.680477
0.689322
0.633739
0.528376
0.66664
0.662968
0.582931
0.522132
0.614056
0.468589
0.473865
0.576506
0.533337
0.695948
0.403932
0.680108
0.462596
0.367894
0.637681
0.451946
0.625502
0.633441
0.681971
0.625615
0.606699
0.699434
0.389536
0.419908
0.67166
0.567591
0.547697
0.497352
0.679734
0.586938
0.637327
0.572123
0.623892
0.571939
0.612726
0.414879
0.522479
0.661998
0.666169
