0.631799
0.548941
0.6308
0.66467
0.626505
0.474764
0.696937
0.543998
0.687926
0.683446
0.599234
0.616883
0.696038
0.515806
0.535593
0.566559
0.678011
0.506515
0.324117
0.68358
0.66069
0.405019
0.640518
0.443822
0.699706
0.450934
0.533785
0.41311
0.568389
0.664194
0.674092
0.688923
0.627057
0.644144
0.678161
0.544941
0.646679
0.584887
0.566842
0.447009
0.408013
0.667842
0.663444
0.492295
0.656141
0.617487
0.493401
0.478727
0.486463
0.484476
0.698803
0.687446
0.341984
0.495023
0.558778
0.392708
0.660953
0.365187
0.62901
0.357539
0.642429
0.596558
0.561916
0.585765
0.485956
0.668458
0.649103
0.67943
0.676197
0.583489
0.325768
0.536343
0.546965
0.474287
0.644311
0.667137
0.648016
0.575144
0.691208
0.698871
0.674557
0.41132
0.592685
0.540973
0.673322
0.450056
0.600829
0.682102
0.575443
0.673182
0.620736
0.611737
0.481946
0.482738
0.394853
0.414057
0.510626
0.686944
0.507291
0.473189
0.667599
0.6888
0.429364
0.548255
0.612508
0.656394
0.698736
0.5856
0.578911
0.32393
0.512577
0.581758
0.635556
0.46913
0.605411
0.486792
0.560193
0.548977
0.592169
0.535403
0.612041
0.601033
0.57718
0.526216
0.497559
0.552621
0.491043
0.656416
0.648643
0.373196
0.606486
0.633039
0.507219
0.49846
0.368408
0.650913
0.558359
0.432809
0.686479
0.51197
0.587462
0.646514
0.5179
0.619673
0.590889
0.609399
0.575449
0.69235
0.661145
0.614665
0.613337
0.439795
0.658818
0.481679
0.434214
0.56979
0.692428
0.601031
0.644633
0.653119
0.631258
0.580277
0.535728
0.46998
0.464448
0.681981
0.488265
0.490108
0.581776
0.559629
0.363377
0.580042
0.523565
0.498022
0.512576
0.618365
0.676426
0.683288
0.692565
0.604242
0.599742
0.50425
0.456149
0.656956
0.623877
0.569425
0.349412
0.600535
0.353564
0.588745
0.557157
0.693665
0.676774
0.437626
0.587918
0.612661
0.699714
0.608864
0.662654
0.539086
0.630414
0.648621
0.664254
0.551966
0.385773
0.480862
0.466943
0.594204
0.513384
0.64711
0.63842
0.549063
0.668225
0.433085
0.579884
0.681553
0.666073
0.586615
0.455797
0.62293
0.463339
0.623423
0.563943
0.627544
0.61111
0.443818
0.562534
0.623161
0.642338
0.568893
0.639197
0.481423
0.645219
0.597233
0.511923
0.66871
0.670295
0.537729
0.458968
0.627024
0.694272
0.48279
0.654338
0.640872
0.552581
0.618044
0.628269
0.565286
0.686272
0.540646
0.653627
0.688968
0.549785
0.517541
0.686653
0.410336
0.687785
0.588394
0.615817
0.640122
0.663769
0.455546
0.518179
0.444708
0.410899
0.429836
0.673665
0.645014
0.541243
0.613906
0.599962
0.522665
0.642438
0.38823
0.659329
0.554491
0.527552
0.647072
0.662923
0.692183
0.517907
0.57597
0.562954
0.354063
0.536605
0.638816
0.59292
0.444419
0.561171
0.582562
0.649012
0.605558
0.443595
0.533046
0.656203
0.530395
0.48528
0.454935
0.575746
0.691944
0.574837
0.463058
0.683522
0.455409
0.525668
0.603357
0.590261
0.607969
0.697451
0.656945
0.595108
0.344643
0.442688
0.499603
0.577449
0.653621
0.615942
0.595276
0.556739
0.663993
0.411673
0.662338
0.593359
0.67041
0.549245
0.5949
0.623418
0.610304
0.661668
0.665382
0.640509
0.651049
0.66352
0.629276
0.53473
0.360824
0.697837
0.582041
0.606941
0.686345
0.437382
0.422919
0.528036
0.699134
0.592501
0.533996
0.6982
0.518906
0.556342
0.555005
0.526617
0.424591
0.536394
0.579473
0.44774
0.61455
0.544626
0.640367
0.320076
0.542227
0.568565
0.410506
0.483305
0.569099
0.408945
0.640539
0.531489
0.592473
0.496227
0.53354
0.424532
0.386951
0.548138
0.62983
0.565928
0.543798
0.466277
0.649712
0.627503
0.395386
0.6478
0.50007
0.504643
0.454923
0.483896
0.680168
0.66561
0.377858
0.543466
0.490559
0.659791
0.513651
0.642719
0.665438
0.676896
0.610087
0.584991
0.505916
0.344075
0.362952
0.528461
0.462116
0.591843
0.500166
0.647517
0.61749
0.459114
0.642839
0.614958
0.443479
0.526008
0.602863
0.499673
0.514522
0.604112
0.576517
0.684856
0.539201
0.6909
0.47409
0.697624
0.642502
0.684653
0.621771
0.30545
0.411479
0.447198
0.508082
0.517297
0.685133
0.594317
0.428196
0.63161
0.628067
0.637095
0.367448
0.342686
0.587302
0.56834
0.697135
0.591939
0.570757
0.58679
0.51825
0.600744
0.513628
0.687171
0.678685
0.446296
0.496933
0.692667
0.693099
0.499786
0.530807
0.64725
0.669361
0.548854
0.659477
0.61996
0.573233
0.452148
0.607975
0.468761
0.631714
0.655238
0.586975
0.659858
0.653819
0.683363
0.432149
0.61607
0.629583
0.693762
0.495369
0.69279
0.668629
0.506393
0.50189
0.558929
0.493855
0.625285
0.563323
0.563203
0.539746
0.582239
0.605187
0.543622
0.523921
0.408402
0.632312
0.574996
0.355886
0.429299
0.680009
0.696397
0.622361
0.589042
0.531284
0.5899
0.622827
0.619727
0.566778
0.547524
0.477199
0.563476
0.567031
0.545466
0.558845
0.604123
0.698304
0.688385
0.682376
0.697996
0.448268
0.392746
0.649703
0.695878
0.632291
0.658057
0.494455
0.652215
0.668956
0.635535
0.621312
0.65705
0.662799
0.649852
0.463985
0.665997
0.656155
0.424538
0.624948
0.656337
0.504066
0.685421
0.567491
0.681325
0.572588
0.591697
0.649915
0.547364
0.581347
0.639984
0.645582
0.535837
0.682907
0.695097
0.533693
0.590795
0.65583
0.591587
0.66713
0.639513
0.64569
0.593943
0.608727
0.651285
0.693649
0.354514
0.61231
0.539595
0.650823
0.69203
0.606167
0.507272
0.631779
0.602066
0.598247
0.561246
0.364525
0.520748
0.553561
0.582795
0.637602
0.680294
0.618246
0.687218
0.337911
0.661443
0.552709
0.683632
0.465067
0.687201
0.695949
0.478588
0.593108
0.598761
0.558997
0.486588
0.643969
0.548919
0.664318
0.692667
0.679197
0.680177
0.552732
0.455873
0.606538
0.679576
0.615955
0.681682
0.538833
0.451217
0.64085
0.617808
0.669989
0.477913
0.565017
0.580554
0.47186
0.620046
0.618888
0.638466
0.653874
0.627572
0.577081
0.612405
0.584146
0.572483
0.694187
0.543511
0.670305
0.610795
0.669013
0.629408
0.486505
0.595793
0.584216
0.693726
0.61482
0.679416
0.454458
0.571164
0.293399
0.45295
0.348971
0.627406
0.601362
0.697335
0.487728
0.518134
0.325278
0.510501
0.557261
0.586275
0.564563
0.699945
0.575314
0.653019
0.608575
0.65358
0.627867
0.518857
0.666975
0.498189
0.638776
0.68263
0.359298
0.59974
0.594092
0.480657
0.656632
0.636149
0.612916
0.55097
0.671826
0.59687
0.675001
0.48842
0.608189
0.450457
0.648309
0.454194
0.597451
0.438843
0.683257
0.660898
0.586888
0.676658
0.444789
0.443743
0.595531
0.455559
0.676403
0.429119
0.692522
0.505477
0.578139
0.380343
0.534023
0.585728
0.514546
0.572677
0.652634
0.670077
0.556525
0.513768
0.607763
0.583542
0.428029
0.546213
0.439991
0.650132
0.321313
0.566267
0.557958
0.268613
0.615
0.569841
0.679926
0.643622
0.68687
0.541161
0.648472
0.524472
0.656062
0.441593
0.531595
0.664196
0.680132
0.690513
0.525711
0.528286
0.492566
0.550417
0.447077
0.569333
0.624262
0.672322
0.577133
0.466736
0.492675
0.466429
0.618619
0.502268
0.683711
0.652679
0.608312
0.294227
0.553869
0.614485
0.53808
0.504171
0.418738
0.546304
0.407518
0.667152
0.661784
0.634067
0.52207
0.516411
0.489844
0.546581
0.691102
0.666083
0.540937
0.670052
0.564529
0.394333
0.43301
0.470032
0.550183
0.543166
0.422471
0.672257
0.630972
0.625811
0.615851
0.520102
0.546058
0.466574
0.674895
0.480727
0.587345
0.403501
0.595462
0.570444
0.495746
0.696986
0.69995
0.681927
0.478637
0.399549
0.526163
0.513715
0.678416
0.38602
0.449653
0.484751
0.583963
0.637126
0.52487
0.526929
0.31856
0.51205
0.617126
0.693462
0.290942
0.568191
0.571467
0.518115
0.537056
0.530664
0.574959
0.455301
0.652866
0.625917
0.48051
0.610339
0.412366
0.579191
0.67721
0.531751
0.430023
0.234492
0.565486
0.67412
0.627075
0.684488
0.275451
0.390478
0.652275
0.415526
0.519007
0.503499
0.69241
0.57119
0.530912
0.386424
0.461849
0.566971
0.546725
0.516628
0.638849
0.622352
0.66003
0.60986
0.490803
0.554487
0.518456
0.487634
0.36721
0.515372
0.496736
0.609076
0.638024
0.57393
0.654159
0.388772
0.681114
0.616682
0.580667
0.633332
0.649294
0.597734
0.682718
0.677457
0.5992
0.638801
0.647536
0.602547
0.549594
0.62182
0.576563
0.613264
0.670882
0.427731
0.650852
0.363023
0.481858
0.484386
0.484423
0.696176
0.434985
0.573412
0.68033
0.469191
0.699245
0.374202
0.424305
0.566539
0.692644
0.602056
0.45498
0.423905
0.55471
0.688875
0.618576
0.607982
0.529161
0.634911
0.580471
0.503356
0.672012
0.56518
0.631742
0.431059
0.309059
0.531374
0.509893
0.338021
0.530352
0.691304
0.5598
0.695681
0.528703
0.397356
0.474707
0.610365
0.649231
0.610887
0.670353
0.440477
0.527064
0.621055
0.511567
0.683854
0.439095
0.654918
0.635739
0.535368
0.572214
0.642871
0.656279
0.554424
0.417029
0.641737
0.60686
0.679147
0.673217
0.553111
0.611065
0.597849
0.566718
0.630504
0.559614
0.686575
0.576257
0.571969
0.608316
0.486611
0.360129
0.554787
0.682959
0.576834
0.5602
0.649858
0.675865
0.523028
0.635611
0.589485
0.519828
0.471048
0.605727
0.322887
0.564677
0.696281
0.679001
0.569053
0.649901
0.430484
0.690246
0.480149
0.479024
0.616785
0.196553
0.481139
0.662844
0.572823
0.634596
0.597963
0.672497
0.652508
0.4833
0.629445
0.512219
0.524284
0.560646
0.665419
0.568285
0.46295
0.560177
0.471195
0.639714
0.519729
0.585246
0.472575
0.417118
0.461446
0.677815
0.6017
0.52555
0.450779
0.667359
0.506877
0.437814
0.515455
0.500257
0.684594
0.47932
0.448024
0.683721
0.573505
0.589815
0.658245
0.612077
0.574579
0.691102
0.496305
0.59158
0.479171
0.564276
0.68244
0.626651
0.475459
0.573231
0.548042
0.684031
0.565964
0.669202
0.615998
0.483209
0.339661
0.47079
0.608782
0.693719
0.547591
0.499999
0.667364
0.647734
0.575373
0.613556
0.612706
0.635437
0.692352
0.608329
0.661682
0.699186
0.524292
0.594447
0.647369
0.477194
0.551144
0.522175
0.523444
0.695679
0.5398
0.614043
0.44153
0.694945
0.655618
0.663927
0.561663
0.63456
0.328147
0.64899
0.518056
0.563819
0.432501
0.672904
0.537995
0.672554
0.6733
0.467978
0.495078
0.68517
0.361318
0.656688
0.385116
0.655364
0.554297
0.577283
0.548991
0.623844
0.624152
0.405618
0.646539
0.690284
0.681547
0.557982
0.593729
0.647096
0.532864
0.464671
0.534744
0.434015
0.672219
0.59059
0.602373
0.694367
0.347172
0.61096
0.610918
0.645241
0.561181
0.591633
0.691522
0.552838
0.698677
0.661732
0.580826
0.531931
0.523717
0.600218
0.579367
0.656597
0.469164
0.679995
0.390131
0.529796
0.613542
0.618384
0.592897
0.553473
0.649506
0.562819
0.467361
0.65138
0.592844
0.422487
0.640424
0.57127
0.308948
0.689828
0.580909
0.684895
0.535192
0.538357
0.497064
0.688184
0.561962
0.615489
0.619044
0.540516
0.569833
0.682438
0.505875
0.518555
0.380435
0.59286
0.653094
0.68291
0.567038
0.680102
0.590149
0.613923
0.300564
0.607969
0.652699
0.645179
0.554269
0.691696
0.465112
0.472106
0.460742
0.698121
0.665518
0.569857
0.558263
0.64899
0.692613
0.486467
0.556321
0.622891
0.593231
0.659455
0.49027
0.547327
0.559585
0.598216
0.286939
0.693754
0.480932
0.588736
0.503359
0.544038
0.645424
0.670193
0.58151
0.596816
0.651972
0.538999
0.357589
0.58275
0.398933
0.59521
0.524936
0.692322
0.385529
0.679983
0.625068
0.423456
0.679213
0.469155
0.648527
0.367398
0.306384
0.648021
0.492343
0.600547
0.665665
0.660553
0.451155
0.587863
0.444252
0.610404
0.562025
0.688913
0.469287
0.441739
0.305788
0.633402
0.445045
0.53947
0.649316
0.678914
0.679075
0.502793
0.621216
0.65841
0.378851
0.514061
0.687196
0.558113
0.667262
0.482316
0.682797
0.490577
0.686946
0.69541
0.690979
0.674592
0.657473
0.515253
0.55379
0.531467
0.45653
0.68636
0.640881
0.592577
0.564475
0.568486
0.648894
0.698071
0.620636
0.674461
0.430312
0.619541
0.483279
0.662069
0.585517
0.626699
0.459434
0.574304
0.579681
0.529569
0.556943
0.649677
0.692976
0.695478
0.58803
0.514761
0.501082
0.427379
0.404823
0.693727
0.625979
0.614961
0.655114
0.40388
0.383465
0.64361
0.669717
0.636436
0.694295
0.679176
0.547762
0.293683
0.611375
0.691744
0.663775
0.560104
0.678617
0.422147
0.48618
0.676406
0.674687
0.38866
0.679062
0.66831
0.495342
0.698428
0.528438
0.587748
0.667316
0.427236
0.681069
0.502122
0.481591
0.697108
0.677377
0.417112
0.381688
0.272606
0.672237
0.476428
0.621306
0.49565
0.673795
0.639056
0.532705
0.4763
0.476378
0.553446
0.661087
0.467215
0.671978
0.642428
0.66839
0.674723
0.555077
0.583618
0.619972
0.61088
0.51293
0.678224
0.603106
0.685384
0.549747
0.576431
0.578297
0.680903
0.638732
0.691981
0.467681
0.461974
0.599688
0.688571
0.631352
0.480745
0.515773
0.618334
0.672576
0.494578
0.688659
0.525942
0.387561
0.665274
0.488318
0.685669
0.58945
0.691563
0.531785
0.653956
0.515855
0.577474
0.692631
0.459704
0.567388
0.546159
0.661299
0.672801
0.521098
0.636645
0.653039
0.580227
0.365706
0.533379
0.681457
0.489739
0.465649
0.517729
0.668128
0.599884
0.627338
0.48218
0.657514
0.581315
0.595943
0.581536
0.69133
0.660605
0.687252
0.489951
0.66721
0.668481
0.624444
0.314128
0.540853
0.639643
0.626416
0.55916
0.585708
0.674706
0.661514
0.517661
0.545652
0.596347
0.629823
0.492635
0.475772
0.50322
0.684199
0.609601
0.655418
0.585166
0.554221
0.688759
0.673805
