1409
953.608 427.543 823.086 1155.25 
415.339 844.362 304.027 59.0622 
912.073 372.017 823.086 1155.25 
230.702 871.716 108.424 80.2494 
305.794 628.701 1695.59 146.545 
216.98 1014.58 100.242 244.169 
525.862 826.777 419.49 44.9783 
609.684 1144.22 503.16 371.958 
159.731 1222.09 1290.49 515.897 
155.103 1219.29 1290.49 515.897 
418.867 913.849 308.983 131.918 
536.572 700.913 66.0363 433.11 
589.137 605.88 343.398 138.322 
1069.91 1000.87 970.268 247.941 
367.74 1298.51 263.069 517.36 
1596.03 880.155 1513.35 152.177 
459.018 905.501 351.108 125.746 
1228.92 1006.92 1128.41 257.128 
1040.92 1189.88 929.336 429.828 
1114.15 1151.12 1004.17 394.193 
934.688 1175.07 825.741 412.089 
1087.9 922.375 993.59 162.602 
1380.45 1060.59 1273.17 319.907 
933.425 1153.55 825.305 391.471 
383.62 967.749 273.05 187.155 
953.977 1351.39 836.378 583.098 
1016.73 1017.12 914.559 259.26 
1084.71 1166.36 973.991 408.313 
1059 1221.71 945.478 461.412 
483.124 997.293 375.556 220.42 
250.115 974.609 134.761 190.021 
434.053 857.036 327.085 81.3437 
967.83 1055.76 865.589 288.313 
1140.12 1191.95 1028.07 435.246 
161.55 1267.92 983.834 911.313 
456.231 1237.14 349.956 459.869 
500.562 985.335 393.391 208.479 
301.141 970.665 186.689 186.677 
704.148 1205.94 596.258 435.658 
1389.94 936.85 1295.92 195.335 
273.337 948.259 157.039 162.731 
634.043 834.866 532.165 55.777 
983.749 1097.31 877.894 336.811 
1480.51 1284.63 1350.53 541.702 
789.964 957.124 690.075 188.399 
999.982 1318.67 883.192 553.857 
924.912 870.548 829.668 105.709 
533.827 911.445 428.212 132.528 
534.156 910 428.479 130.891 
1436.99 1156.93 1320.77 417.113 
434.157 857.605 327.085 81.3437 
1284.03 573.604 199.427 132.933 
288.413 970.371 173.717 186.657 
692.489 1216.67 584.43 445.399 
704.734 1313.98 594.531 540.73 
328.65 962.091 215.554 179.499 
794.125 537.832 957.623 1121.39 
318.348 1331.1 215.023 547.725 
1039.97 989.78 939.809 230.792 
1428.82 1135.1 1314.9 394.762 
1055.36 984.633 957.67 225.576 
377.282 1309.52 272.452 528.321 
1453.99 923.264 1361.34 184.012 
712.456 1027.33 608.389 257.934 
554.8 1243.13 447.579 468.797 
473.1 1230.48 366.258 453.586 
785.3 855.095 688.585 81.0464 
188.366 1049.98 322.692 130.329 
1333.37 72.6957 996.904 1206.47 
902.98 941.888 804.103 176.668 
619.577 925.015 515.77 150.319 
1035.29 988.151 936.205 228.105 
1442.66 1146.78 1327.43 407.523 
870.864 1199.69 769.554 424.819 
524.363 1062.98 417.76 287.999 
977.624 1328.25 860.438 562.452 
538.111 931.11 432.465 152.573 
1636.72 924.963 1544.12 196.45 
584.446 525.028 309.973 46.1748 
852.87 1220.32 743.476 453.677 
660.303 873.802 558.708 97.1052 
1044.51 1227.78 930.934 466.785 
775.05 985.954 672.522 217.486 
488.898 1232.67 382.154 456.084 
488.423 921.022 380.73 141.982 
820.054 1052 716.446 285.428 
226.454 1138.66 116.62 356.264 
367.872 541.853 589.415 900.135 
1010.82 1340.03 892.736 574.706 
1151.7 169.529 1303.26 1155.39 
925.172 866.055 830.206 100.082 
721.195 1095.43 615.826 325.939 
798.381 881.838 700.244 110.662 
488.582 1255.63 382.022 478.652 
1128.28 900.197 1035.02 143.695 
629.519 827.021 527.571 47.3921 
1214.82 1023.78 1113.47 273.377 
1092.68 589.48 1046.67 709.782 
964.603 1293.49 849.66 528.453 
1693.05 133.204 1587.86 128.401 
1043.26 1013.12 941.602 257.225 
874.218 723.851 623.89 104.667 
633.628 965.758 530.609 191.403 
525.838 924.712 419.716 145.291 
923.939 850.864 829.978 83.8551 
828.745 911.525 730.922 114.3 
1365.69 1162.71 1250.49 420.238 
1176.89 1031.03 1073.94 166.696 
362.879 806.23 247.216 15.5305 
528.129 879.259 421.599 99.3694 
591.275 961.28 486.576 186.921 
1101.25 823.363 1010.7 63.2949 
237.3 1018.23 122.614 233.54 
602.379 1162.38 495.605 389.743 
1042.47 791.321 955.189 24.3524 
1066.73 1220.52 953.452 460.635 
1043.72 848.626 951.404 81.7351 
515.233 932.669 408.561 153.622 
512.425 987.703 405.777 210.906 
1051.86 1227.45 938.553 466.704 
437.955 1192.99 331.511 415.892 
430.505 1227.53 323.933 449.58 
202.445 1345.76 101.428 558.671 
1328.69 940.221 1232.5 195.53 
1096.25 1205.13 983.314 446.991 
548.993 912.896 442.988 135.009 
456.068 1231.32 349.74 453.871 
450.564 1229 343.919 451.561 
1240.29 1153.54 1128.55 403.839 
1097.77 1177.85 986.327 420.072 
1308.04 703.591 950.296 135.971 
507.685 1243.82 400.985 467.999 
1279.95 1198.05 1163.64 449.34 
263.815 969.774 147.78 184.968 
481.447 1258.5 374.7 481.268 
1303.21 712.398 945.302 260.154 
395.408 1247.4 289.203 468.13 
1079.07 1177.51 968.058 419.806 
1080.64 1182.11 969.575 423.568 
995.933 784.262 907.07 17.2536 
273.602 957.939 157.937 173.665 
1096.91 1193.63 984.785 435.644 
929 919.62 831.797 154.775 
380.627 1001.79 270.61 222.623 
1134.66 888.261 1045.53 129.709 
729.019 1282.23 618.924 510.448 
1080.06 1077.35 975.085 320.771 
672.138 800.185 572.106 19.2376 
461.777 1179.88 354.553 403.863 
618.885 954.706 514.649 179.794 
448.723 1009.53 339.769 231.242 
228.805 1116.15 117.627 334.05 
402.554 1088.18 294.618 311.049 
970.575 1279.98 856.066 515.313 
1448.56 910.643 1356.92 172.371 
290.857 1320.38 187.688 536.418 
1239.84 955.754 768.188 525.502 
287.55 1008.74 174.949 227.316 
1532.35 1262.03 1405.5 633.314 
869.094 1287.45 756.466 519.527 
273.863 902.429 155.601 115.033 
504.515 1234.6 397.686 458.349 
1143.01 937.836 1048.14 181.725 
371.563 1263.64 265.885 483.543 
369.714 992.564 259.107 212.289 
469.46 1199.82 362.815 423.327 
1083.36 1200.43 970.904 441.313 
396.961 882.606 284.794 98.7426 
662.891 954.285 559.354 181.203 
696.451 1206.14 588.256 435.675 
1008.42 1152.2 899.679 391.01 
1083.97 1199.69 970.904 441.313 
338.261 969.909 226.414 187.329 
322.871 1153.42 214.904 374.725 
1110.32 1167.76 999.393 410.907 
445.042 1234.57 338.045 457.07 
1525.93 1328.46 1388.47 585.636 
1081.08 1212.89 967.972 453.381 
572.845 593.038 253.965 832.349 
1239.9 842.007 1152.62 89.303 
422.602 1018.14 313.657 240.563 
215.933 1091.19 103.524 308.415 
273.909 1133.51 163.743 352.839 
216.925 1102.37 104.963 319.67 
922.728 821.008 829.914 79.0417 
704.373 1295.39 594.537 522.413 
1053.73 1201.64 941.565 441.773 
643.153 1249.48 535.091 476.369 
1438.09 1185.78 1318.58 445.662 
1041.47 1013.99 941.602 257.225 
414.074 1071.88 305.835 294.459 
1169.06 938.811 1074.19 220.52 
839.83 930.741 740.531 163.463 
1266.04 929.533 1171.73 180.71 
938.434 892.144 842.313 126.871 
887.084 1188.08 777.668 423.413 
1167.36 921.384 1073.94 166.696 
1524.93 1296.19 1386.03 557.054 
1067.84 823.222 978.656 61.4147 
1000.93 923.909 904.433 160.746 
1497.06 143.698 1086.93 709.427 
978.928 1128.58 871.831 367.486 
1592.75 451.938 1428.56 140.943 
1410.44 1159.45 1294.41 418.385 
508.811 1276.03 401.827 499.26 
218.47 1115.97 106.923 333 
1689.43 117.895 1587.41 116.245 
1110.31 1169.08 999.393 410.907 
530.269 892.335 424.044 112.715 
1070.17 1195.65 957.641 436.419 
1262.12 955.777 1165.86 207.061 
1112.46 1186.26 1000.11 429.109 
1375.55 818.62 1292.99 73.6202 
515.008 1051.57 408.053 277.615 
268.274 981.027 153.451 197.422 
514.393 939.811 408.045 160.252 
1606.31 708.353 1397.33 52.7827 
959.851 1016.04 858.152 254.445 
1034.73 1306.79 917.001 542.182 
1444.43 1202.16 1323.87 461.532 
398.492 1239.04 292.349 459.981 
598.7 1122.96 495.005 352.827 
534.166 984.886 427.34 208.737 
933.912 473.284 1360.56 1251.82 
1033.65 1233.84 919.709 471.733 
997.56 802.81 907.355 36.5002 
650.985 799.985 550.144 19.4204 
1244.96 874.835 1155.19 124.345 
355.151 1272.06 249.754 491.227 
796.397 1026.23 693.394 258.28 
408.285 1266.03 302.125 486.506 
570.005 954.072 464.852 178.559 
244.56 1143.29 135.96 362.514 
1624.64 1085 1061.63 118.043 
1125.92 1132.37 1017.01 376.684 
976.732 964.397 877.177 202.836 
927.118 862.453 832.829 96.222 
1066.17 1191.36 954.602 432.406 
358.284 981.27 246.822 200.182 
1688.66 116.33 1587.41 116.245 
1396.86 1232.24 1272.58 479.527 
467.592 951.926 359.333 172.955 
225.93 1240.44 119.902 457.918 
292.564 1115.99 183.306 335.877 
1432.68 905.769 1341.57 165.825 
1395.74 1078 1288.01 338.559 
421.807 1192.94 315.248 414.686 
1163.78 1080.55 1058.11 326.927 
877.802 784.743 785.483 12.2211 
851.903 803.185 757.88 30.847 
353.175 816.155 236.905 25.944 
998.437 840.108 906.549 76.3459 
1028.3 847.653 937.225 85.6122 
1210.59 965.204 1113.29 214.535 
260.47 1067.27 148.249 285.257 
611.862 977.802 506.949 204.246 
1594.62 444.017 1430.4 136.157 
1089.08 1209.41 975.945 450.858 
1604.63 707.949 1397.33 52.7827 
1698.65 116.818 1594.72 117.16 
1339.16 945.564 1244.56 201.704 
476.493 1014.25 368.883 237.295 
372.746 1220.17 266.278 441.477 
269.952 1348.12 168.427 563.215 
826.608 1100.99 721.038 334.617 
1398.64 944.217 1303.56 202.437 
1397.35 822.365 1318.99 81.3379 
423.787 914.913 314.655 134.817 
538.051 895.173 431.881 115.906 
297.661 957.405 182.938 173.384 
1289.75 1229.84 1171.82 482.42 
1406.33 947.258 1312.23 205.996 
875.979 897.706 778.873 130.968 
569.327 966.586 463.845 191.656 
1311 1111.92 1200.94 368.6 
1402.46 944.848 1306.75 203.997 
349.405 1319.2 245.254 536.405 
437.351 1014.59 329.008 236.783 
1166.13 1013.06 1064.56 262.01 
187.588 1265.95 83.0358 481.797 
1051.8 1009.42 1033.65 43.3929 
427.193 910.915 317.321 129.465 
1692.94 76.8214 1599.05 110.528 
1047.68 1189.83 936.774 430.482 
218.612 1073.05 105.15 289.483 
468.06 1094.17 334.872 337.563 
1062.3 68.0843 1021.61 1145.42 
381.294 879.98 268.924 95.5136 
409.142 1072.98 300.846 294.993 
558.688 1223.59 451.97 450.113 
946.219 1250.96 833.77 487.198 
1053.1 1215.55 940.447 454.957 
555.471 974.043 449.559 198.529 
487.74 984.977 381.682 206.838 
1412.82 253.698 1210.71 883.972 
488.7 1007.08 382.374 230.499 
1452.87 1057.22 1346.37 320.213 
815.352 1066.45 710.878 300.042 
562.364 1240.05 455.4 465.961 
1603.57 819.328 1524.3 86.9402 
424.806 916.63 314.655 134.817 
290.82 1123.45 182.243 343.239 
351.989 1263.02 246.718 482.593 
713.424 858.167 613.404 82.5873 
717.192 1304.28 607.4 531.583 
980.671 942.086 882.823 180.385 
1466.48 527.699 1436.34 119.359 
594.977 1246.36 487.422 473.383 
598.091 1290.99 490.276 516.445 
305.883 1297.2 246.718 482.593 
977.04 1009.9 875.855 249.263 
324.061 897.668 208.546 111.4 
711.723 1143.61 605.211 372.975 
576.686 1067.22 470.77 294.137 
1517.49 869.923 1430.4 136.157 
1689.98 84.9008 1594.72 117.16 
885.587 1007.54 784.981 240.838 
1516.6 871.079 1430.4 136.157 
647.528 1216.62 539.92 444.544 
308.83 1304.28 204.339 521.888 
202.527 1336.72 100.722 550.658 
361.638 828.316 247.117 40.0757 
987.351 930.014 891.427 168.878 
689.697 911.44 553.401 174.665 
1384.77 945.263 1289.81 202.219 
595.241 970.444 490.454 196.215 
783.446 981.187 681.65 212.935 
497.778 1265.07 391.193 488.567 
1598.51 423.642 1437.42 117.774 
1372.17 864.971 1285.05 121.794 
289.509 1144.01 180.109 363.97 
1441.99 883.895 1353.82 143.616 
311.542 1036.04 199.974 255.332 
959.402 1255.01 846.691 491.46 
721.72 870.243 620.863 95.6726 
442.8 1000.43 334.134 221.862 
386.822 1349.66 283.291 566.791 
827.358 1104.15 721.273 336.969 
288.469 923.802 171.74 138.063 
1169.35 989.203 1069.56 201.064 
442.228 1273.05 336.13 494.45 
599.409 935.832 494.949 160.358 
960.244 1005.11 859.098 243.402 
650.215 820.953 548.597 42.1495 
1037.5 1234.66 923.368 473.19 
595.647 859.87 491.815 81.604 
893.84 1215.81 783.291 473.163 
938.038 1267.89 824.686 503.249 
1141.53 888.98 1050.54 131.881 
350.053 903.131 236.755 118.846 
972.045 984.203 872.083 223.055 
703.683 1190.04 596.58 419.169 
537.984 1067.98 431.642 293.879 
458.229 1090.79 350.852 314.779 
881.707 905.933 784.145 139.494 
716.497 1304.5 607.4 531.583 
323.608 899.282 208.273 113.359 
363.065 1325.49 258.559 546.304 
584.625 962.67 479.369 187.53 
290.116 1146.44 181.844 365.668 
444.035 1219.75 337.459 442.365 
1022.49 1332.07 904.847 567.98 
1002.75 1148.08 894.055 388.099 
634.219 1098.82 528.64 326.325 
425.249 908.107 315.238 126.285 
613.16 1274.74 505.314 500.998 
601.708 827.792 498.475 48.5814 
1497.25 845.224 1412.28 105.226 
702.731 798.76 603.602 20.1736 
237.468 852.465 113.746 60.4237 
1500.22 785.347 1424.4 45.1074 
1472.97 770.222 1397.45 28.5992 
1009.5 878.068 915.889 115.883 
1333.94 999.24 1238.22 254.776 
729.027 1192.28 621.031 422.432 
1521.68 765.847 1448.91 25.8608 
363.149 885.031 250.158 100.099 
1527.48 1335.79 1389.38 592.368 
565.191 1214.11 457.937 439.941 
479.011 948.217 370.759 169.877 
1277.95 1036.24 1174.64 289.337 
394.648 1315.47 289.377 534.021 
1429.33 891.391 1340.26 151.103 
498.111 971.521 390.922 193.838 
713.108 1013.84 610.323 244.27 
1432.75 1184.06 1314.74 442.97 
259.377 940.095 142.059 154.114 
1022.96 1332.66 904.847 567.98 
387.71 1022 278.066 245.088 
664.201 1068.11 558.967 295.429 
513.85 1202.38 407.025 427.521 
386.942 1024.1 278.066 245.088 
486.719 1148.57 380.008 372.933 
386.914 1024.42 278.066 245.088 
101.961 1089.18 58.7307 265.4 
383.018 1320.78 277.161 540.302 
1319.59 840.312 1233.63 93.2451 
554.071 957.183 448.753 181.301 
226.912 1112.11 115.705 329.883 
227.388 1104.5 115.733 322.086 
263.649 1329.86 160.885 544.821 
411.451 1028.66 302.807 248.822 
572.6 966.376 467.789 191.625 
1530.28 139.203 1210.71 883.972 
1166.3 954.863 1069.56 201.064 
1104.29 1184.96 992.085 428.513 
332.005 1040.73 221.349 260.652 
1260.8 983.929 1162.4 236.656 
539.492 1173.92 432.814 398.885 
591.013 952.002 486.731 177.203 
539.776 1173.19 432.814 398.885 
627.535 892.116 525.651 115.533 
660.957 859.993 559.276 84.2851 
1678.06 743.812 1612.09 10.9636 
242.188 1348.62 140.338 563.009 
552.918 960.175 447.802 184.16 
900.79 1096.31 794.635 334.338 
399.604 1194.52 293.039 415.951 
804.951 1347.81 691.78 575.884 
356.991 1117.03 248.007 338.021 
459.244 1024.89 351.062 248.727 
1041.12 1209.06 928.328 448.659 
874.811 855.494 779.535 86.5014 
1005.29 858.158 912.106 94.9739 
249.65 1131.22 139.797 349.663 
384.13 881.748 271.789 97.1826 
271.068 965.249 155.177 180.903 
250.033 1132.39 139.797 349.663 
1439.18 895.227 1350.03 154.888 
388.154 942.336 277.249 161.049 
354.932 1121.46 246.443 343.054 
335.241 1342.2 231.483 558.986 
704.346 1035.16 600.476 265.007 
693.299 955.385 590.554 183.141 
1463.15 549.872 1430.4 136.157 
460.927 1011.48 353.396 234.294 
269.248 1132.2 159.239 352.174 
383.209 1320.68 278.6 538.73 
1186.17 1024.83 1082.88 160.994 
789.34 1170.18 682.024 402.544 
1460.8 1061.91 1354.05 324.731 
355.755 1243.91 249.787 463.632 
1326.51 560.089 1566.84 965.797 
1008.31 1010.03 907.556 249.802 
1250.45 1326.12 1125.54 570.394 
1530.39 139.849 1210.71 883.972 
737.252 1077.08 632.085 307.552 
1518.58 321.625 1383.67 51.1025 
977.28 862.154 883.698 98.4926 
562.162 1066.79 456.2 293.099 
1247.15 956.169 1150.4 207.228 
553.32 963.93 447.804 187.694 
467.802 1271.67 361.906 493.904 
696.222 1331.08 585.799 556.949 
498.71 942.994 391.576 164.312 
445.71 1220.15 337.459 442.365 
761.309 998.47 636.526 232.03 
281.996 1320.43 178.537 536.723 
668.882 1170.04 562.025 398.7 
950.451 1018.37 848.791 256.496 
634.718 1340.22 525.659 564.62 
1562.36 829.926 1481.59 95.4961 
846.648 1119.37 740.607 353.91 
400.968 1032.55 291.956 254.414 
905.222 596.153 535.903 352.904 
497.979 1256.1 391.453 479.583 
1494.64 842.45 1412.28 105.226 
711.637 1149.98 1270.41 409.94 
1123.45 1037.43 1020.89 282.016 
704.726 1038.25 600.676 268.572 
704.147 1140.43 597.475 369.818 
1320.56 808.251 1238.18 59.0738 
683.857 959.858 548.212 220.103 
719.12 1203.54 611.296 432.421 
1437.17 865.542 1350.56 124.856 
485.29 1068.24 378.148 292.898 
292.271 1132.77 181.15 353.066 
741.988 995.278 636.526 232.03 
998.756 815.525 908.549 49.9176 
1681.31 916.272 1589.46 189.795 
403.516 1244.17 297.33 464.989 
860.717 1202.7 751.615 466.992 
1020.19 1006.54 919.426 245.854 
729.234 1211.88 621.222 442.478 
450.933 976.565 342.626 198.209 
334.335 1113.42 225.228 334.2 
186.302 1273.92 81.9017 489.899 
973.8 1034.43 872.044 272.084 
704.193 1127 598.108 356.246 
1413.36 930.873 1320.57 190.154 
509.142 1295.59 401.861 518.797 
512.385 1284.93 406.074 507.786 
489.185 1222.66 382.573 446.548 
721.888 1007.19 602.347 244.368 
1593.02 1154.82 701.133 392.428 
306.652 1149.49 198.199 370.033 
1449.64 468.836 1210.71 883.972 
327.339 1061.79 217.112 282.371 
513.999 832.32 406.987 50.7709 
826.494 1061.69 719.801 293.688 
429.625 1237.01 323.054 459.203 
1693.89 829.585 1615.08 103.119 
400.149 1194.01 293.039 415.951 
1448.33 897.899 1357.5 159.457 
1407.01 921.726 1315 180.088 
609.047 1105.64 501.739 331.115 
969.074 876.015 874.768 111.822 
1658.91 755.84 1590.4 22.7481 
895.075 1271.58 782.8 503.833 
1217.61 948.328 943.881 584.39 
697.566 1035 593.387 263.335 
739.918 838.73 641.55 62.8127 
635.861 1298.22 527.227 523.304 
1247.18 1191.14 1131.75 440.516 
948.646 1282.15 834.412 517.421 
599.354 993.099 494.234 220.558 
376.531 888.163 263.233 103.3 
451.672 959.42 342.698 180.968 
570.357 976.698 465.137 201.934 
439.467 1280.95 332.862 502.221 
1438.94 895.202 1350.03 154.888 
667.899 1309.86 558.64 536.368 
1032.21 1113.05 924.13 354.317 
242.53 968.249 126.195 182.766 
816.453 827.238 720.379 54.1083 
1435.42 866.715 1349.41 125.781 
598.382 904.782 494.032 128.293 
826.086 1065.51 721.435 299.132 
907.448 1074.81 802.721 312.379 
790.804 812.271 693.871 36.4996 
1018.23 1243.91 904.161 481.198 
550.826 884.982 445.591 105.924 
597.744 1227.95 490.461 454.691 
1440.68 828.203 1359.2 86.4925 
1054.98 1065.85 961.945 962.868 
514.713 947.295 407.841 169.384 
433.208 1111.23 325.505 334.986 
430.055 1238.5 323.054 459.203 
1449.62 469.055 1210.71 883.972 
412.883 1121.35 282.253 363.18 
991.233 1162.17 882.31 401.018 
1130 790.183 1043.84 29.5319 
79.3093 1280.5 1514.27 96.7404 
1259.09 1171.45 1146.12 422.294 
331.092 1036.37 219.985 255.332 
904.097 1109.34 799.206 345.687 
736.512 880.25 636.851 107.025 
872.728 806.246 779.923 34.1658 
1313.61 989.114 1214.26 242.697 
1008.86 1320.45 891.907 556.086 
1313.02 1199.2 1196.87 451.921 
387.392 426.66 588.089 943.283 
629.378 1113.7 523.658 342.611 
774.435 985.804 671.096 216.714 
363.94 1087.08 254.945 308.712 
1269.37 829.425 1183.79 78.1738 
1161.34 1198.57 1047.99 443.396 
832.864 1336.1 719.086 565.175 
407.277 1002.88 297.827 224.183 
493.108 983.775 386.183 206.705 
1667.78 960.225 1570.99 234.268 
163.859 1178.05 63.9111 272.649 
790.073 811.242 693.871 36.4996 
984.06 1134.98 876.656 374.335 
558.05 932.082 451.025 154.587 
308.189 1279.32 203.196 497.248 
1282.72 466.986 974.879 1110.03 
709.201 1074.74 604.274 304.937 
580.602 1240.88 473.857 467.25 
589.152 1029.67 483.871 256.687 
1380.62 863.028 1293.97 119.73 
729.519 1212.15 621.222 442.478 
1453.99 1163.08 1337.3 423.3 
669.754 1069.03 565.385 297.793 
303.313 1108.08 193.963 328.878 
579.188 1200.55 472.203 427.368 
510.853 1174.91 404.105 400.214 
320.001 1138.08 211.574 358.968 
1201.29 409.912 1667.99 308.268 
431.161 1040.61 322.572 262.802 
264.635 1037.09 151.293 254.642 
503.95 1259.49 397.197 483.264 
801.951 465.087 1481.46 760.163 
900.708 1093.4 794.736 330.086 
789.073 1158.01 682.013 389.915 
1415.71 1086.02 1307.04 346.489 
589.178 905.767 484.844 129.329 
1266.33 1004.76 1166.01 258.414 
285.89 1330.3 183.285 546.088 
602.15 826.803 498.475 48.5814 
707.756 881.924 607.854 106.875 
1148.82 1134.89 1039.75 379.384 
643.958 1154.13 536.652 381.738 
203.987 1131.76 92.9815 348.854 
512.829 1284.61 406.074 507.786 
1456.37 1193.82 1336.15 453.925 
357.051 935.265 244.089 152.337 
626.101 1236.4 518.316 463.783 
981.138 1208.76 869.991 447.453 
1085.46 917.145 990.744 158.648 
772.388 1190.18 664.105 422.013 
704.541 1127.23 598.108 356.246 
261.997 1343.99 159.89 558.521 
757.933 1049.94 654.171 280.814 
533.016 856.849 427.185 74.52 
487.978 1198.82 381.545 423.625 
717.472 1124.94 611.238 354.926 
533.851 871.552 427.437 91.8311 
232.07 1072.84 119.694 290.006 
1210.38 1227.02 1094.48 474.29 
1674.76 876.899 1588.85 149.288 
589.71 1233.38 482.744 459.78 
335.229 985.523 221.96 203.155 
1130.8 1077.82 1025.95 321.72 
244.131 1049.94 130.773 267.617 
219.862 1214.7 370.497 1263.73 
161.758 1175.07 63.9111 272.649 
1355.81 771.985 1277.08 24.8881 
915.523 879.403 820.298 112.793 
306.083 1306.63 201.901 523.5 
1436.48 1049.3 1330.97 311.435 
1454.64 1282.18 1325.38 538.411 
578.87 953.265 473.331 177.862 
1452.16 482.108 1427.85 50.8859 
388.309 889.723 276.29 106.41 
543.984 1042.79 437.595 268.386 
1118.63 1129.42 1009.19 372.757 
351.822 1038.42 241.055 259.409 
442.914 1306.4 333.47 524.797 
356.528 913.987 242.986 129.974 
965.987 796.728 875.415 28.5232 
311.148 1014.66 196.867 232.484 
158.534 1275.09 54.0544 490.362 
383.936 1008.86 274.088 229.569 
749.868 1181.31 642.542 412.939 
416.522 1230.94 310.138 452.38 
714.887 1111.37 608.825 341.871 
1537.45 825.418 1458.61 89.044 
1593.18 707.395 1383.67 51.1025 
211.033 1326.54 108.987 540.764 
1040.74 1219.73 927.538 459.013 
271.322 1250.83 166.269 469.418 
374.191 1270.77 268.546 489.991 
407.326 1229.62 301.013 451.063 
185.655 1066.41 315.238 126.285 
621.758 969.021 517.708 195.029 
1635.08 266.272 1351.15 46.8744 
1697.22 845.597 1614.87 119.364 
712.028 1190.28 604.078 421.555 
1025.72 1005.61 925.592 246.822 
1641.73 914.353 1550.19 186.369 
626.12 919.838 523.122 144.681 
789.955 1153.89 683.238 386.364 
1269.56 828.807 1183.79 78.1738 
1170.24 1343.3 1047.41 583.041 
813.055 829.267 716.28 57.5096 
432.715 966.541 323.477 187.518 
1140 1142.89 1030.07 388.114 
632.775 1232.95 525.188 460.826 
423.977 1185.12 317.974 406.889 
1436.33 1048.65 1330.77 310.714 
816.187 831.753 720.379 54.1083 
769.326 1042.57 665.511 274.225 
1147.18 1078.93 1041.02 324.547 
635.89 1177.81 528.591 406.466 
1396.18 1164.35 1280.54 422.477 
683.245 888.713 582.019 113.014 
1308.47 1338.88 1385.41 474.629 
433.879 1198.91 327.002 421.82 
1201.81 877.392 1111.26 123.279 
395.085 877.206 282.674 92.1573 
449.042 1139.41 342.021 363.036 
591.435 1192.59 485.018 420.36 
619.536 825.823 515.567 45.639 
438.966 1303.71 333.47 524.797 
299.498 882.872 182.434 96.1962 
1017.73 1298.32 901.103 535.323 
626.768 1202.44 519.409 429.576 
842.785 1052.4 736.84 286.99 
355.995 1081.1 247.051 302.916 
1537.94 1343.81 1398.01 599.688 
1477.31 1329.1 1341.76 583.381 
439.893 1281.29 332.862 502.221 
1414.42 1086.13 1305.87 346.281 
583.448 1245.92 476.091 472.141 
1411.34 720.72 1141.26 105.598 
867.979 1074.75 763.364 310.042 
1404.7 1170.24 1287.97 428.407 
362.584 1058.78 252.974 280.067 
849.703 975.359 749.789 207.351 
227.792 1105.11 115.733 322.086 
567.876 1324.46 460.299 547.51 
1451.79 962.114 1354.84 224.853 
559.46 1261.93 452.113 487.298 
848.391 841.562 753.394 70.2344 
574.145 1328.88 466.717 551.859 
1056.16 1208.73 942.892 450.289 
76.4331 1274.97 1514.27 96.7404 
508.357 912.034 401.73 132.883 
1569.77 815.122 1491.03 79.5895 
1243.84 786.868 1162.26 31.3183 
387.035 1148.4 279.247 371.256 
993.301 1148.93 885.298 388.699 
317.969 993.09 205.642 211.714 
447.919 1150.47 340.317 375.12 
1281.61 1021.6 1179.51 274.908 
566.341 1329.01 458.752 551.956 
244.143 901.288 123.51 111.883 
784.651 1346.42 672.051 574.275 
1681.44 973.355 1581.19 248.607 
1449.92 711.983 1383.67 51.1025 
1177.45 291.217 300.179 1200.15 
167.728 1183.74 315.238 126.285 
301.708 997.714 188.342 214.924 
1295.16 773.519 1215.31 21.4405 
1284.06 1021.54 1182.02 275.572 
539.036 1106.94 435.204 335.455 
894.233 1243.15 782.797 477.877 
1218.31 1293.75 1097.63 538.062 
797.514 1178.86 689.107 411.283 
1255.38 795.575 1172.7 42.2075 
1170.67 1344.44 1047.41 583.041 
977.911 1259.46 863.95 495.784 
404.065 1235.31 297.605 456.21 
972.638 1349.77 853.997 583.05 
613.899 1183.22 506.691 409.942 
725.518 1121.26 622.781 350.706 
1227.11 992.517 1129.84 241.706 
184.166 1290.92 79.925 507.611 
1025.79 1135.2 917.607 375.665 
388.629 1003.76 278.743 224.695 
342.196 927.156 229.426 144.084 
401.222 892.745 289.829 109.221 
922.471 918.72 826.126 152.364 
1541.81 829.378 1460.64 93.4713 
545.2 984.663 442.335 212.189 
459.956 1049.33 352.125 273.02 
1423.6 879.635 1336.69 138.055 
1205.96 1275.24 1086.02 519.255 
1414.07 485.496 1383.67 51.1025 
1227.33 1175.28 1113.34 424.398 
1342.21 1186.99 1225.39 442.033 
480.411 1093.17 373.148 318.372 
294.28 885.564 176.476 97.15 
1383.46 858.314 1297.18 114.565 
298.251 951.511 183.713 167.011 
1680.49 190.098 875.555 530.015 
580.773 1031.22 475.289 257.778 
786.035 1033.67 682.985 265.193 
479.213 1093.78 372.162 318.269 
1421.62 872.752 1334.56 131.423 
196.187 1248.19 90.6922 464.742 
604.4 852.108 501.42 74.0242 
366.418 916.554 253.329 132.976 
1386.74 866.381 1300.01 123.199 
805.073 1160 698.464 392.897 
613.622 870.992 509.459 95.2449 
499.036 912.268 392.604 133.764 
1318.34 1254.11 1197.59 504.514 
566.914 1322.2 459.311 545.493 
648.044 1199.66 540.705 427.876 
1308.82 1094.82 1196.46 348.166 
461.855 976.325 354.098 198.81 
1666.03 902.257 1575.93 175.433 
1616.57 505.268 1439.03 90.1617 
294.947 902.759 177.831 115.966 
1183.72 1308.07 1063.46 550.87 
1507.86 817.787 1428.08 80.1289 
265.783 1092.73 156.078 311.131 
671.672 932.106 570.061 157.727 
1408.05 1071 1300.67 330.216 
557.076 893.403 451.871 114.902 
456.256 1065.14 348.637 288.346 
1024.69 1130.58 916.723 370.688 
484.03 1094.77 376.671 320.114 
1426.87 564.075 1383.67 51.1025 
655.074 1167.66 548.212 396.121 
1338.86 1105.97 1229.88 362.838 
790.435 1091.15 684.99 324.125 
1284.39 1023.06 1182.33 276.212 
569.734 1086.13 464.596 313.073 
302.991 1137.78 194.888 358.092 
320.43 954.218 207.61 169.612 
1345.34 1226.96 1224.6 481.776 
1219.19 1294 1097.63 538.062 
897.208 917.468 799.94 151.904 
1675.82 844.98 1594.72 117.16 
451.807 1256.89 345.591 478.9 
1666.09 902.517 1575.93 175.433 
646.792 1165.01 539.737 393.78 
779.357 1168.88 672.45 401.118 
475.595 1118.56 368.463 343.112 
876.19 1235.63 765.078 468.325 
348.073 1041.23 237.794 262.227 
610.175 957.104 505.517 182.561 
780.086 1116.05 674.047 348.231 
423.784 1089.4 315.627 312.237 
1120.53 1004.35 1020.09 249.533 
575.646 930.055 470.458 153.844 
1225.28 979.234 1127.45 228.633 
755.959 1126.8 653.375 357.178 
924.209 1348.73 807.45 579.509 
919.847 1177.68 810.269 412.21 
983.315 1264.55 869.416 501.284 
991.242 1149.94 885.298 388.699 
667.62 1148.66 561.541 378.358 
545.817 1016.92 439.996 241.863 
228.11 1212.67 121.898 430.733 
1024.46 1130.91 916.723 370.688 
280.054 1118.03 170.323 338.156 
720.719 841.447 621.322 63.1163 
1521.69 1024.32 1417.69 290.287 
1221.73 1279.88 1100.73 525.051 
544.559 1021.19 438.351 245.745 
552.723 1324.09 445.399 547.024 
586.751 1185.22 480.49 412.539 
288.185 930.868 172.078 145.186 
700.053 1081.97 594.744 311.942 
1229.97 926.195 1135.48 175.892 
722.713 1116.46 616.821 346.709 
234.151 1231.02 128.057 448.513 
1462.56 792.571 1383.67 51.1025 
341.551 1022.71 231.362 243.262 
1424.64 1144.11 1310.77 403.93 
1121.37 1121.44 1013.12 365.388 
1161.14 611.628 707.15 504.5 
1062.6 1205.26 949.285 446.267 
494.013 971.326 386.808 194.15 
1419.52 832.473 1336.54 89.621 
543.24 1196.12 436.384 422.543 
719.134 1309.99 609.384 537.627 
648.315 1200.02 540.49 428.565 
572.138 1218.98 465.211 444.821 
847.79 802.026 753.559 29.6554 
599.019 817.4 496.378 36.668 
433.725 1135.98 302.259 378.337 
852.852 1113.26 746.709 347.377 
276.552 1104.83 165.868 324.228 
1289.4 1115.52 1179.89 368.263 
637.693 1221.14 529.99 449.342 
938.923 920.549 841.24 156.09 
1343.55 977.015 1245.96 234.163 
1364.03 901.787 1274.48 158.535 
913.952 941.321 815.461 176.038 
1214.54 1346.79 1088.94 588.795 
300.831 929.809 185.272 144.52 
498.522 1220.97 391.489 444.828 
420.678 1283.26 314.57 503.247 
347.294 1082.8 237.93 304.098 
1446.96 1278.37 1319.87 532.893 
694.777 1294.39 584.81 519.776 
266.853 1090.86 156.508 309.321 
1121.62 1101.57 1014.77 345.734 
608.821 1206.53 501.534 434.298 
1208.96 835.678 1121.79 81.4816 
177.853 1291.24 73.6834 506.951 
197.791 1236.57 91.7896 453.611 
243.162 1132.27 133.03 351.124 
517.508 1063.81 411.104 288.754 
1226.72 1175.32 1113.34 424.398 
626.806 975.318 522.606 201.876 
954.308 1292.99 840.445 526.515 
795.913 1237.25 686.087 468.953 
1440.04 1136.09 1326.47 397.066 
447.281 1163.43 340.535 386.02 
1445.63 1026.17 1339.74 288.925 
1196.57 869.396 1106.63 116.225 
1337.31 1106.54 1227.73 363.845 
697.859 1149.95 591.044 380.21 
263.065 1103.58 152.545 322.916 
808.14 1159.11 701.133 392.428 
290.088 1159.46 181.591 379.537 
759.499 1124.73 653.375 357.178 
237.009 1322.65 134.367 537.83 
548.848 1275.44 442.165 499.491 
844.944 1024.89 742.072 259.085 
362.938 911.157 250.053 127.679 
1453.65 1294.68 1323 550.833 
461.27 1206.67 354.49 429.373 
1419.38 928.453 1327.13 186.906 
242.78 1132.35 133.03 351.124 
1414.77 1160.92 1303.78 419.451 
1674.77 848.986 1592.81 122.027 
264.608 922.473 146.951 135.217 
956.465 1276.8 842.391 512.135 
341.253 1027.95 231.362 243.262 
554.675 1300 447.291 522.673 
652.251 922.394 549.177 148.841 
272.993 966.511 157.05 182.548 
1465.44 915.084 1373.47 177.643 
466.185 1054.74 352.125 273.02 
1119.7 1264.42 1002.31 505.708 
1682.16 965.402 1582.85 240.556 
265.032 1156.26 155.845 375.509 
1491.08 1208.28 1367.91 469.875 
816.283 972.768 1439.4 748.255 
1123 1024.65 1021.14 267.751 
195.947 1260.04 90.421 475.666 
1384.67 787.024 1305.53 39.8301 
310.634 880.563 193.78 92.5321 
570.35 1198.32 463.606 425.857 
1568.29 948.014 1472.95 216.838 
529.339 1053.47 422.616 278.593 
1303.23 813.304 1219.75 63.2884 
1275.73 994.975 1176.52 248.06 
241.747 940.205 123.406 153.643 
724.769 1117.04 616.821 346.709 
1186.25 1145.62 1074.77 391.801 
393.104 1207.37 286.524 428.991 
1282.45 1075.03 1176.51 328.666 
486.287 1251.22 380.786 476.803 
646.185 888.708 533.011 105.923 
269.685 1211.64 162.885 430.574 
587.877 1204.59 480.638 431.005 
1400.79 1075.57 1293.57 335.826 
585.168 1178.33 478.181 405.835 
1339.11 1231.95 1218.16 484.166 
605.866 885.177 503.349 109.831 
469.373 1084.31 361.484 307.14 
779.182 731.129 18.2358 911.439 
1405.09 914.332 1313.49 173.227 
955.441 1298.2 841.356 531.995 
1571.27 960.531 1474.36 230.343 
1040.55 397.088 1010.19 1196.3 
1114.67 1209.85 1000.69 451.768 
341.711 1342.05 238.034 559.129 
807.882 1176.09 699.916 409.438 
612.923 869.417 508.491 91.7152 
615.62 796.729 511.685 15.2143 
408.77 1100.65 255.594 360.659 
443.232 1206.87 335.743 428.76 
1069.96 801.153 982.058 37.4388 
1052.79 1192.68 941.569 431.924 
510.706 1221.55 403.968 445.828 
611.614 869.483 509.822 89.7694 
978.497 977.237 878.885 216.273 
1009.71 341.001 154.683 1283.08 
638.338 1228.31 530.112 456.504 
1392.89 1156.54 1278.54 414.534 
1669.3 932.679 1575.48 206.601 
1011.12 1075.34 907.405 316.553 
468.299 1254.5 361.399 477.159 
548.529 898.727 442.509 120.052 
1002.82 1111.57 896.457 352.052 
519.517 1018.88 413.198 243.179 
1247.85 1078.66 1141.71 329.836 
1196.13 1299.08 1074.42 542.804 
1334.82 1157.53 1220.59 412.361 
1215.43 1301.63 1093.58 546.44 
902.171 1120.61 796.12 357.023 
854.935 1006.42 753.378 240.481 
1252.15 1297.7 1129.21 543.814 
253.705 1104.49 142.186 322.614 
297.86 1161.99 189.47 382.575 
589.336 1021.32 484.232 248.593 
311.846 991.127 197.874 207.978 
1271.15 548.564 821.42 489.949 
1555.72 457.393 1208.86 226.387 
576.457 1256.21 469.43 482.317 
329.176 1071.11 220.23 291.97 
263.274 1117.71 152.991 336.907 
680.077 843.877 578.841 67.3825 
387.656 1214.35 280.676 435.464 
1338.06 896.243 1248.9 150.262 
811.303 1159.51 701.133 392.428 
1153.56 1322.68 1032.42 562.844 
1256.34 1072.56 1150.87 324.962 
1400.76 1079.81 1293.17 339.921 
742.613 1085.88 637.811 316.363 
100.383 1092.97 869.703 1009.31 
1340.56 1043.95 1236.73 301.049 
409.819 1188.93 302.987 411.252 
565.327 888.132 460.398 110.37 
991.932 910.766 895.717 149.14 
1486.21 1021.55 1382.79 286.161 
659.336 1191.99 551.83 420.493 
1651.47 884.915 1564.39 156.199 
427.944 999.506 319.114 221.266 
443.605 1185.06 336.538 407.539 
331.926 1024.25 220.403 241.088 
1129.68 1278.64 1013.23 517.943 
1128.78 1166.61 1017.64 410.106 
485.634 1075.43 378.521 299.018 
359.374 865.671 244.909 79.0251 
579.203 1041.05 474.097 268.759 
1426.02 608.338 1351.15 46.8744 
1045.83 1200.68 933.886 441.493 
202.886 1202.74 95.3 419.978 
867.585 1034.41 765.325 268.409 
887.075 1240.26 775.534 475.17 
345.851 1079.84 236.823 301.531 
431.413 1154.86 324.419 377.893 
462.156 1290.61 354.867 512.392 
1516.32 831.712 1433.75 95.9248 
1692.38 995.207 1589.38 270.858 
1438.85 1169.74 1321.02 430.142 
1094.34 1216.57 980.542 457.99 
254.55 1194.82 146.709 413.277 
226.591 1319.31 123.796 534.474 
659.36 1053.43 554.262 281.746 
997.963 1237.94 885.055 476.249 
1337.02 1049.64 1232.94 307.138 
628.017 1248.54 519.958 475.13 
483.668 1114.84 378.264 338.452 
1028.19 842.135 936.077 80.2618 
1081.07 801.714 993.804 38.5044 
265.839 1156.81 155.845 375.509 
755.429 1198.43 647.12 429.678 
345.934 961.78 234.452 179.548 
584.257 1197.24 476.614 424.939 
642.168 1098.83 539.49 326.859 
722.563 1269.44 612.509 498.315 
382.763 1192.73 275.369 414.443 
541.046 712.713 1695.07 539.654 
657.574 1212.29 549.584 440.524 
384.626 1172.05 255.858 409.159 
1293.76 973.225 1195.88 227.997 
1349.94 1223.21 1233.01 476.756 
1457.29 1255.27 1330.43 512.875 
1335.77 908.2 1243.81 163.25 
735.252 858.527 636.186 83.0952 
1380.8 1178.14 1263.41 434.868 
715.754 1050.31 611.595 280.511 
618.14 841.988 515.74 62.4171 
272.465 848.313 150.843 56.0309 
1162.18 158.251 453.063 716.873 
683.991 1029.94 579.896 258.492 
1682.74 927.747 1589.95 202.356 
1681.91 134.929 134.248 1049.36 
614.478 1159.91 507.481 388.074 
664.787 1205.97 557.948 434.429 
406.607 1173.41 299.779 396.677 
1535.23 626.685 1442.51 417.212 
225.713 1179.36 117.48 397.517 
914.021 852.101 820.639 85.412 
982.294 1023.76 880.465 263.336 
273.195 1163.67 164.82 383.029 
801.732 1075.04 696.875 307.856 
320.909 1008.45 209.103 227.103 
1333.58 905.515 1242.37 161.012 
577.87 920.159 472.841 143.113 
322.674 1115.28 213.649 335.66 
491.273 1217.57 384.143 441.304 
699.199 1152.64 592.683 381.69 
866.385 1055.68 762.178 291.245 
1409.48 874.42 1320.57 133.248 
336.252 1099.51 226.795 320.434 
1238.76 781.073 1156.71 25.3341 
1335.52 991.096 1236.4 247.394 
282.801 874.953 164.305 85.6293 
336.174 1259.36 230.933 479.077 
975.386 514.654 1573.97 442.631 
1367.78 1145.93 1253.74 402.899 
459.617 1101.53 352.274 325.558 
544.329 1122.86 437.288 349.883 
1543.15 649.746 1196.78 726.014 
1329.62 1002.24 1229.26 259.149 
1233.85 971.098 1136.92 221.01 
745.073 825.94 647.102 50.2029 
335.682 1260.64 230.933 479.077 
522.954 1325.59 416.097 547.046 
768.214 1149.52 661.331 381.606 
290.572 932.407 173.624 146.829 
782.14 1163.58 674.685 396.752 
736.926 1276.4 626.713 505.112 
354.691 845.72 181.483 1093.41 
745.117 825.688 647.102 50.2029 
1363.83 854.798 1275.8 110.293 
487.231 1035.07 379.365 258.941 
1335.36 918.015 1243.02 174.465 
665.659 1204.34 557.948 434.429 
824.611 1068.48 719.418 301.973 
534.866 1055.31 428.918 281.802 
1400.34 910.662 1308.65 169.64 
312.259 1116.19 202.38 335.627 
373.829 1161.57 266.128 383.61 
101.377 1095.4 869.703 1009.31 
1195.03 856.898 1106.14 102.214 
564.19 1281.4 455.717 504.838 
460.338 1206.74 354.49 429.373 
547.089 801.733 441.23 16.9138 
1427.79 1281.7 1299.59 536.443 
1109.26 1146.59 1001.12 386.481 
593.193 1184.15 486.418 408.788 
1289.45 976.992 1191.5 232.049 
1254.15 1236.82 1135.25 486.477 
1384.56 1182.74 1266.96 439.178 
1284.23 1117.23 1175.48 369.759 
1341.2 1070.95 1234.76 328.359 
859.18 1160.21 751.584 395.521 
931.701 966.917 832.238 203.441 
1344.58 891.17 1253.11 143.816 
700.943 525.576 1279.21 1237.21 
780.143 1137.15 673.039 369.65 
425.12 1204.35 318.258 426.632 
1106.73 1131.35 997.999 374.938 
67.1029 1280.48 1659.57 629.975 
516.404 1303.29 409.292 526.308 
1040.02 939.295 1596.25 444.946 
1037.75 1332.4 917.716 567.961 
835.812 983.779 734.652 216.304 
649.261 1143.28 511.701 398.656 
393.394 1309.76 289.782 527.732 
302.039 936.953 185.825 150.197 
1269.54 1056.12 1164.6 310.626 
221.029 1284.92 117.007 500.638 
515.657 1023.97 408.485 248.392 
753.056 894.288 652.284 125.913 
788.209 1265.63 677.732 496.657 
461.368 1290.09 354.867 512.392 
295.188 914.862 199.427 132.933 
300.683 922.469 185.31 136.72 
699.24 890.792 597.837 116.796 
1311.83 957.684 1216.73 211.484 
989.855 898.41 894.231 135.158 
546.649 831.775 441.045 50.4473 
561.755 959.878 454.934 183.73 
972.029 433.423 794.983 837.509 
1533.89 1135.76 1293.59 409.633 
264.116 1111.79 153.11 331.13 
371.109 808.247 256.357 17.9665 
1105.51 792.367 1019.34 30.4911 
880.182 1020.55 777.505 255.496 
496.393 1085.77 389.487 310.512 
593.672 889.938 489.703 114.588 
1021.07 786.79 932.993 20.9096 
1691.97 835.049 1611.98 108.53 
700.219 893.405 599.092 119.09 
758.498 818.701 660.806 41.9001 
223.26 1262.85 1060.42 874.356 
254.259 1100.85 142.895 319.084 
331.405 1053.83 220.939 273.575 
1258.88 1186.52 1144.44 437.019 
987.769 969.458 888.957 208.585 
1477.73 855.264 1393.93 117.024 
1478.15 854.994 1393.93 117.024 
340.022 999.474 229.325 217.911 
1582.69 832.636 1500.72 100.046 
1425.65 1155.39 1309.54 414.831 
617.324 1169.02 511.07 396.969 
1463.21 490.398 484.774 1114.66 
412.88 1114.02 381.96 274.57 
780.863 1121.78 675.115 354.326 
1438.67 645.563 1530.42 21.617 
806.248 1146.49 699.404 379.317 
1052.04 1222.75 937.54 465.055 
1263.23 1077.44 1157.6 329.911 
990.496 1011.81 889.077 251.406 
1172.43 1223.31 1054.48 466.929 
627.192 594.581 376.078 65.9714 
576.274 1018.07 470.391 244.176 
638.399 1204.25 530.832 431.086 
807.8 1143.26 701.148 376.454 
1293.76 1122.89 1183.19 376.902 
249.075 1185.75 141.189 404.908 
593.478 893.351 489.703 114.588 
741.811 860.974 643.015 86.3583 
1337.28 890.935 1248.9 150.262 
264.728 1254.43 159.228 472.72 
539.8 947.9 433.831 169.387 
1437.19 821.28 1355.25 77.3922 
682.334 1113.05 511.701 398.656 
296.098 928.416 180.453 142.976 
661.132 1322.36 551.826 548.24 
531.198 1291.07 424.912 513.098 
790.205 1123.99 683.576 357.472 
464.419 1269.45 357.315 490.032 
530.886 1293.03 423.693 516.722 
1144.02 1327.58 1022.26 567.129 
1214.84 251.96 482.229 1030.92 
277.884 1233.07 171.994 452.096 
855.59 793.312 762.146 18.9052 
765.373 806.546 668.374 29.6571 
1341.02 895.063 1248.9 150.262 
268.96 1115.82 158.359 335.499 
363.098 1051.06 253.19 272.132 
1284.27 1115.23 1175.48 369.759 
1263.78 868.866 1174.74 114.536 
573.723 960.943 467.467 184.608 
358.343 1132.33 248.682 355.408 
958.769 860.251 865.171 94.4982 
507.828 908.943 401.104 129.506 
268.213 1107.14 158.852 326.693 
864.007 1036.7 760.685 272.018 
656.688 1058.78 551.66 288.052 
1056.73 923.77 997.158 241.095 
764.1 836.651 666.249 62.1618 
1475.3 299.912 746.523 758.719 
324.593 1112.55 215.607 333.252 
258.296 1105.47 148.586 324.978 
843.665 994.797 740.119 228.768 
1247.89 1314.27 1123.72 559.681 
1028.12 1286.72 910.541 521.234 
1289.32 1124.58 1179.46 378.318 
988.936 1208.52 877.884 448.352 
563.987 828.685 459.175 46.7939 
566.976 1317.16 459.963 540.328 
153.145 1203.92 858.977 767.727 
985.741 962.753 888.74 200.249 
363.052 1187.78 256.326 409.07 
378.898 901.649 266.936 118.181 
594.333 1153.56 487.11 381.772 
531.381 1290.03 424.912 513.098 
358.605 1133.18 248.682 355.408 
666.301 1151.11 559.619 380.153 
856.061 1089.08 751.072 324.221 
1302.73 901.665 1211.38 155.305 
1266.92 1038.8 1164.1 293.784 
566.27 1295.81 458.313 518.115 
715.058 999.446 611.919 228.294 
340.142 1030 229.176 249.647 
433.032 1157.61 326.024 381.113 
1113.11 1003.01 1012.55 248.303 
407.551 1246.56 301.04 467.326 
1667.37 928.323 1574.26 202.971 
530.118 1158.34 424.068 383.78 
826.471 910.91 728.715 142.381 
389.953 1000.6 280.041 221.943 
616.884 846.824 514.682 68.1877 
828.457 1161.3 720.572 394.904 
259.369 1105.64 148.586 324.978 
575.284 931.945 471.569 155.632 
802.94 791.939 709.017 14.4445 
389.851 1333.3 285.026 551.21 
976.509 808.891 524.319 289.789 
441.899 1026.39 333.914 249.021 
276.802 895.077 158.566 107.477 
308.082 934.216 193.724 148.839 
1066.84 318.428 425.45 988.158 
1119.03 279.033 1001.18 134.942 
286.615 855.679 163.552 61.2785 
1097.65 1356.43 975.768 592.433 
1544.97 1293.83 1461.86 732.504 
362.045 946.319 250.343 165.073 
1140.04 1328.15 1018.78 567.595 
1285.19 1112.77 1175.48 369.759 
345.847 1155.42 238.189 376.869 
291.882 916.509 177.191 129.502 
1586.9 794.921 1509.56 61.0388 
530.882 1283.99 423.73 507.792 
1106.09 1218.97 991.871 460.735 
1415.64 1134.69 1302.1 394.384 
226.608 1208.1 118.743 425.8 
1131.59 10.9088 1206.31 781.81 
317.089 931.211 201.479 146.69 
301.105 922.527 184.967 137.105 
889.28 1008.21 787.364 243.829 
432.052 1345.37 326.543 564.21 
1347.72 1157.12 1233.8 412.926 
1445.65 702.029 81.7395 352.815 
775.2 1055.65 671.332 287.672 
794.562 1035.27 690.411 267.901 
436.972 1037.9 328.759 260.708 
255.254 925.307 137.251 138.855 
242.354 1168.49 133.378 387.011 
224.425 1166.65 115.374 385.021 
553.434 1181.16 446.898 408.133 
1382.37 846.854 1296.93 102.671 
1161.98 845.614 432.942 1168.94 
935.644 1072.14 829.852 308.796 
1373.19 1137.11 1259.82 393.614 
888.287 1058.82 784.592 294.38 
550.433 868.969 445.535 89.5491 
1288.7 1253.61 1168.35 503.349 
254.207 1107.37 142.186 322.614 
647.102 1227.52 539.324 454.915 
373.325 930.799 263.389 148.699 
360.236 1212.58 254.271 432.543 
269.755 1114.11 158.359 335.499 
562.113 1297.18 455.162 521.289 
1350.96 1200.35 1232.78 454.805 
1631.16 561.477 268.459 542.83 
476.181 1057.08 369.209 278.797 
543.684 1146.62 437.867 347.243 
1347.98 1157.21 1233.8 412.926 
484.353 1179.27 376.973 401.554 
237.069 1108.92 125.418 326.811 
497.962 1186.49 391.279 411.059 
1280.97 1064.57 1175.52 316.531 
978.664 990.033 878.975 229.079 
233.731 1242.41 127.859 460.541 
534.14 1316.62 427.313 538.825 
746.407 451.366 68.6367 325.652 
1408.2 1026.63 1305.17 287.316 
445.965 1066.09 338.189 288.949 
875.137 411.779 1235.91 553.525 
402.949 1102.13 295.26 324.215 
367.494 1150.1 259.667 371.779 
995.492 986.564 896.035 226.816 
554.342 1156.7 446.301 383.915 
528.523 1277.26 421.996 500.562 
412.499 1126.02 305.445 348.207 
585.987 1285.57 478.501 510.561 
1184.56 1168.21 1072.35 415.113 
390.142 985.597 279.934 206.359 
874.32 992.291 773.173 226.683 
1047.89 1257.22 935.417 494.59 
577.081 998.166 471.223 223.653 
1153.91 1106.05 1046.07 351.796 
1304.78 841.165 986.554 1111.94 
307.885 1267.02 203.78 485.602 
301.349 1339.48 198.467 555.587 
235.038 1195.86 127.272 414.155 
1123.21 1312.48 1001.61 552.525 
1359.62 540.886 1351.15 46.8744 
276.407 1108.31 165.684 326.894 
529.62 1048.12 425.947 274.717 
816.172 1033.88 712.513 266.465 
86.7145 1213.03 1384.33 817.815 
605.099 819.566 502.266 38.432 
980.228 1135.04 872.039 374.218 
1136.17 1329.46 1013.4 569.202 
938.908 959.12 839.368 195.849 
1188.25 1293.24 1067.01 536.34 
456.963 1158.68 376.615 362.03 
273.519 1146.61 163.913 365.677 
465.372 1298.77 357.631 516.543 
379.688 1138.65 271.594 361.022 
1085.39 1146.15 976.693 388.962 
1618.43 1171.48 490.178 688.99 
463.651 1112.05 355.903 337.327 
1527.12 895.612 1439.36 162.253 
326.384 1168.46 219.384 388.725 
436.499 1093.83 328.97 317.334 
404.942 1175.07 297.713 398.446 
368.452 934.449 256.849 152.171 
671.635 1135.92 564.178 366.079 
794.214 1195.41 685.91 422.735 
1302.37 994.39 1203.15 249.545 
778.857 834.885 681.724 60.5915 
288.577 907.767 171.314 120.543 
1270.08 192.881 482.229 1030.92 
451.106 1199.51 345.844 422.803 
1526.91 886.721 1592.67 504.278 
817.985 1117.39 712.079 351.345 
991.808 819.644 900.879 53.9948 
1152.19 945.212 1056.12 226.182 
1368.28 502.172 289.404 642.46 
1287.26 989.115 1189.02 242.767 
1251.72 1058.67 1146.42 308.788 
891.387 1092.09 786.628 328.626 
1047.26 1161.47 967.196 387.336 
1330.29 1194.12 1213.89 447.709 
1233.28 1293.31 1111.37 539.789 
297.638 917.095 177.191 129.502 
886.237 1087.15 780.974 322.948 
436.549 1170.27 330.103 393.877 
1663.46 764.002 1593.96 31.2517 
563.157 1079.84 457.221 306.6 
1356.75 1150.26 1242.98 406.407 
1234.21 1295.56 1111.37 539.789 
1548.76 1245.98 1422.02 619.619 
692.413 1158.48 585.159 388.918 
325.28 995.917 212.872 214.027 
520.264 1220.34 413.701 445.046 
478.161 1287.78 371.04 510.104 
704.161 1027.13 599.973 253.804 
504.901 1003.33 397.55 226.923 
1563.95 955.023 1468.02 223.862 
591.493 1312.21 484.266 536.888 
248.585 1040.93 134.349 258.411 
229.301 1176.39 120.293 395.346 
1019.08 984.133 918.843 225.137 
967.605 792.181 877.645 74.4086 
585.757 938.194 193.78 92.5321 
814.34 1031.99 711.439 265.543 
1265.88 1294.13 1143.04 540.869 
252.532 1206.42 145.335 424.854 
341.739 1158.43 233.993 380.531 
626.175 857.706 523.239 78.7085 
806.553 1026.8 703.865 259.037 
1308.78 980.28 1211.57 234.88 
1405.42 905.059 1313.82 163.082 
584.878 962.556 479.495 185.162 
356.409 1137.42 292.204 321.722 
737.22 1139.08 630.402 370.395 
568.853 842.531 464.198 62.4613 
226.428 1264.23 120.846 480.532 
1591.04 800.537 1516.03 65.0642 
570.399 846.791 465.656 66.7318 
1504.65 763.954 1431.33 22.3487 
1661.85 856.846 1579.33 129.265 
670.815 855.44 568.548 78.7185 
833.602 1146.94 726.088 380.646 
685.123 1126.18 579.474 355.888 
386.996 1041.76 276.95 264.456 
825.764 1251.34 715.383 483.223 
1299.39 1123.08 1189.01 377.148 
356.612 1030.36 245.565 250.365 
893.656 1031.64 790.375 267.531 
1296.54 932.879 1203.05 186.936 
614.008 854.553 513.34 77.8747 
248.559 1050.37 134.22 267.501 
490.44 1137.94 384.209 362.887 
1517.97 812.791 1438.38 74.7364 
894.297 1055.2 790.92 292.167 
196.398 1324.79 94.4814 539.156 
561.611 865.247 456.135 85.5536 
370.11 1144.13 261.973 365.436 
591.678 1056.58 486.127 284.165 
1304.98 1123.89 1194.45 378.634 
1090.29 1224.38 976.072 465.648 
1027.83 316.63 936.077 80.2618 
1352.68 957.196 1256.34 214.047 
16.9048 1197.88 858.977 767.727 
984.815 971.195 885.945 210.026 
554.892 1185.42 448.233 413.407 
1255.13 1091.78 1148.03 342.794 
1011.64 1123.92 903.346 364.709 
