90
395.062 1639.12 363.411 1414.85 
96.2086 1337.02 152.696 1611.91 
1143.64 1129.36 590.892 1199.81 
1081.02 860.019 608.01 1265.94 
910.803 1069.54 1139.34 552.901 
764.42 928.527 958.158 1500.6 
1022.56 888.12 514.185 1298.98 
1027.26 468.194 421.836 1203.09 
299.67 1437.86 1177.9 1520.44 
62.9977 1520.4 717.875 1613.74 
299.47 1437.99 1177.9 1520.44 
1338.61 1089.66 120.907 802.091 
578.969 941.876 1307.5 1271.61 
707.289 1544.55 51.5146 829.734 
947.495 1445.4 1310.81 1648.85 
430.946 1359.27 1044.58 919.255 
189.826 1337.85 248.026 1642.88 
1210.2 1127.78 960.293 1574.99 
1232.08 1035.14 514.327 774.764 
25.3313 1322.34 110.755 1582.82 
41.912 1605.64 885.432 308.906 
1201.64 944.989 1043.77 754.89 
644.833 1468.54 1153.93 1119.82 
799.804 1072.19 111.251 497.971 
1212.17 808.11 1064.94 1041.57 
167.222 833.134 1201.16 1589.46 
317.105 1510.31 777.9 1336.86 
974.498 675.515 1332.53 1430.88 
738.285 700.659 711.362 1448.73 
1293.8 987.029 731.064 1152.84 
278.367 810.353 1228.04 496.283 
367.306 512.357 834.763 549.103 
883.934 886.324 20.5403 827.894 
712.074 1057.22 1314.32 1468.31 
802.053 1174.95 1269.4 1667.34 
448.366 562.594 159.852 413.032 
587.82 1051.26 1122.03 1194.12 
507.564 1158.24 861.15 1525.68 
52.4428 785.247 850.872 961.78 
1279.58 490.844 511.568 899.036 
594.243 983.7 723.157 375.167 
1068.73 718.414 518.961 786.071 
500.162 1300.18 873.748 1634.3 
1177.53 494.248 67.0961 1104.19 
1213.44 959.083 1235.41 806.144 
919.126 371.114 1095.13 668.447 
238.479 715.617 125.14 911.682 
94.624 771.073 966.505 942.978 
126.456 832.469 844.536 1041.61 
112.058 813.114 857.004 1004.65 
729.117 1242.5 1026.03 372.349 
1226.87 608.291 401.88 1268.79 
344.557 1317.55 430.255 1668.58 
389.737 1421.94 721.525 404.58 
971.006 1462.18 1026.03 372.349 
726.504 1239.41 1026.03 372.349 
352.892 1459.9 721.525 404.58 
1297.68 535.884 494.602 478.517 
1305.88 472.753 86.6925 1141.13 
182.75 1314.29 270.901 1613.85 
459.179 1364.77 735.915 1527.36 
829.066 933.667 264.713 708.846 
887.133 950.153 615.661 1422.44 
651.691 1014.23 1147.91 664.581 
1296.75 1025.13 969.202 544.06 
730.159 1245.86 1026.03 372.349 
1162.5 1240.89 413.542 1216.84 
74.5975 587.096 285.732 1656.74 
325.999 1332.53 377.409 1630.28 
560.467 1618.3 663.869 1127.26 
211.974 1611.97 701.256 1363.23 
340.291 1696.56 1209.59 1661.37 
285.668 1237.41 39.9073 1647.95 
155.502 1676.55 1249.75 1677.25 
249.137 1565.86 1011.31 1593.96 
279.032 1254.3 450.858 1685.92 
288.284 1074.12 800.897 758.179 
854.954 942.862 701.256 1363.23 
236.927 832.128 972.152 1051.68 
198.299 556.284 685.935 921.5 
166.279 1665.85 1249.75 1677.25 
559.667 439.843 961.566 1296.86 
1063.2 699.701 1093.92 763.341 
480.58 505.173 1251.01 1525.55 
567.796 1242.23 1113 1467.09 
751.46 1370.21 1107.45 1468.63 
1025.97 1289.55 1328.19 424.313 
297.535 1493.24 659.901 404.611 
313.322 1340.61 371.32 1681.99 
583.172 1259.9 23.6951 1092.29 
