0.597398
0.670286
0.696708
0.631712
0.697164
0.680359
0.602115
0.663668
0.655885
0.675098
0.659047
0.644149
0.546613
0.675986
0.697776
0.648332
0.67353
0.685754
0.679884
0.69731
0.695665
0.659141
0.690406
0.697838
0.607751
0.657615
0.641153
0.684251
0.698547
0.695765
0.687622
0.561011
0.68419
0.692525
0.588705
0.675344
0.694407
0.689932
0.668093
0.69956
0.646914
0.697912
0.693274
0.694241
0.672349
0.619482
0.675487
0.687187
0.683458
0.692738
0.592724
0.689202
0.622015
0.692592
0.669404
0.55194
0.674545
0.621989
0.686492
0.638186
0.692499
0.695592
0.680416
0.675547
0.665856
0.564575
0.666704
0.665435
0.544283
0.698497
0.680993
0.608534
0.579682
0.577172
0.621282
0.636225
0.688335
0.64411
0.688966
0.685076
0.689662
0.696548
0.697282
0.651923
0.664256
0.614955
0.6823
0.583378
0.590071
0.683526
