24
305.461 127.073 304.728 126.246 
160.397 58.81 159.626 58.4319 
153.149 64.5013 153.591 64.3919 
188.92 155.657 186.645 152.845 
149.267 33.0263 213.081 127.8 
118.523 140.317 106.163 180.159 
276.153 39.0069 275.431 38.7587 
184.094 152.948 186.645 152.845 
108.443 157.867 107.956 158.356 
88.7714 116.192 88.2748 115.574 
91.8573 111.967 91.9079 111.899 
31.129 157.938 30.7317 157.795 
171.106 37.9317 205.416 51.0277 
126.735 73.4237 127.619 74.4028 
31.1628 157.648 30.7317 157.795 
99.3363 152.684 99.8457 152.709 
190.263 55.744 190.579 55.4715 
157.417 72.7585 304.208 166.46 
100.902 200.293 99.7728 200.072 
58.1403 102.399 60.7522 101.264 
144.504 80.9625 143.949 241.904 
153.259 163.679 152.653 163.658 
232.292 232.443 232.644 232.303 
271.549 97.8339 304.728 126.246 
