0.403948
0.570794
0.518341
0.378766
0.385375
0.414508
0.645047
0.658044
0.694595
0.658449
0.471677
0.568648
0.611405
0.681846
0.644111
0.656244
0.621522
0.42
0.663174
0.601573
0.381458
0.203382
0.36461
0.551288
0.424404
0.562661
0.640562
0.662742
0.290236
0.69287
0.570057
0.45006
0.687284
0.317433
0.683314
0.543638
0.44748
0.51254
0.53574
0.569022
0.615246
0.463571
0.226971
0.615868
0.560739
0.656172
0.494899
0.531083
0.685312
0.431804
0.571706
0.302129
0.362819
0.598862
0.607689
0.660058
0.473917
0.389767
0.521937
0.523664
0.495535
0.626632
0.38153
0.40187
0.403575
0.667756
0.593013
0.469698
0.229874
0.645892
0.69188
0.531622
0.695088
0.57928
0.521787
0.634699
0.551049
0.372533
0.599467
0.605804
0.653488
0.505391
0.623203
0.535449
0.399047
0.409731
0.428256
0.694987
0.533697
0.626548
0.546871
0.462739
0.626548
0.295332
0.509453
0.646388
0.34767
0.566464
0.231008
0.448685
0.494083
0.510712
0.534641
0.325472
0.493249
0.248085
0.237364
0.245238
0.431557
0.507238
0.606664
0.634378
0.374168
0.687448
0.685808
0.538106
0.623965
0.696581
0.282654
0.545237
0.594911
0.531969
0.689779
0.594925
0.688218
0.627903
0.552883
0.482882
0.358029
0.66904
0.464728
0.557151
0.478043
0.48517
0.664411
0.61671
0.50402
0.676821
0.470473
0.639497
0.452426
0.359395
0.357746
0.555659
0.443751
0.4761
0.672578
0.647629
0.288915
0.68845
0.575235
0.62031
0.66674
0.694557
0.6436
0.618127
0.636124
0.666659
0.625733
0.651224
0.654806
0.638856
0.666043
0.507477
0.476542
0.248785
0.557833
0.652316
0.419732
0.631639
0.614957
0.69059
0.611506
0.667209
0.250359
0.574759
0.624539
0.372535
0.63798
0.693524
0.565341
0.615686
0.618347
0.657455
0.500192
0.671006
0.696906
0.487786
0.693762
0.432774
0.692319
0.656145
0.679699
0.527778
0.528684
0.597418
0.651084
0.688747
0.314065
0.569926
0.695682
0.555829
0.60364
0.566588
0.499455
0.240706
0.268238
0.617771
0.16219
0.616367
0.655529
0.591925
0.529231
0.670094
0.401951
0.698351
0.522344
0.493439
0.541513
0.562954
0.689322
0.646068
0.662042
0.625865
0.302656
0.482857
0.400375
0.68627
0.631886
0.440484
0.444324
0.501198
0.63414
0.604169
0.635986
0.681621
0.550518
0.581055
0.697695
0.594441
0.679569
0.663398
0.553779
0.622681
0.678567
0.663634
0.664269
0.523892
0.585521
0.56285
0.623528
0.666665
0.692668
0.356557
0.440251
0.684549
0.685272
0.631954
0.316952
0.588026
0.645663
0.480652
0.695577
0.220072
0.587261
0.431368
0.605365
0.662673
0.669458
0.666413
0.595626
0.699059
0.298852
0.659135
0.281491
0.675118
0.488775
0.550174
0.533483
0.50125
0.588386
0.559034
0.58929
0.544466
0.471834
0.50964
0.626233
0.524982
0.596515
0.690107
0.628626
0.442977
0.628486
0.645367
0.641271
0.628941
0.581715
0.520356
0.39479
0.637894
0.618508
0.529115
0.411848
0.579922
0.687096
0.311578
0.565207
0.697941
0.654345
