309
375.879 731.011 1090.3 158.062 
399.174 698.317 1117.17 121.073 
350.002 750.235 1062.07 179.799 
417.951 674.406 1139.54 94.4216 
366.73 678.714 1081.16 101.431 
448.602 642.906 1175.54 56.293 
374.363 608.917 1090.8 22.5162 
373.432 737.239 1087.75 164.812 
378.784 705.146 1094.66 129.575 
305.222 799.043 1013.56 232.246 
366.27 727.799 1080.16 154.56 
334.54 805.666 1044.63 238.424 
379.764 719.132 1095.08 142.862 
395.542 671.553 1114.05 91.0313 
347.404 723.3 1059.46 151.357 
304.428 672.938 1013.18 98.3815 
361.17 601.116 1076.01 14.868 
230.159 932.262 1013.56 232.246 
412.261 679.233 1131.83 100.158 
406.85 697.874 1126.41 120.387 
319.545 656.398 1029.25 79.654 
242.672 752.3 948.388 185.733 
362.668 655.389 1076.95 75.7386 
374.934 834.687 1105.96 269.926 
375.552 639.433 1092 56.8728 
372.625 748.223 1086.76 176.959 
382.796 706.631 1099.14 131.108 
373.788 834.545 1105.96 269.926 
346.379 735.115 1057.75 163.963 
339.635 672.553 1051.73 96.2509 
371.049 671.174 1085.71 92.9852 
422.008 639.846 1144.17 54.7178 
244.646 656.925 948.937 84.9878 
434.017 684.879 1157.49 104.29 
464.204 708.029 1160.97 144.148 
315.265 793.704 1024.12 226.005 
464.105 839.686 1184.88 281.981 
322.218 664.72 1032.38 88.4877 
279.87 602.863 986.081 23.8327 
474.078 836.161 1176.85 285.883 
418.194 676.122 1139.54 94.4216 
223.708 671.492 927.547 102.118 
424.197 692.976 1145.36 113.116 
352.756 683.407 1066.01 107.746 
435.386 656.576 1160.96 74.5919 
317.239 647.513 1028.06 70.3909 
333.276 609.343 1044.7 27.1666 
388.114 836.425 1119.46 271.697 
439.657 685.794 1162.84 104.845 
337.387 658.534 1049.25 81.2411 
457.079 842.655 1176.85 285.883 
300.196 656.694 1008.39 81.1997 
404.55 820.923 1137.33 255.544 
427.401 636.781 1151.91 50.6913 
425.129 689.008 1146.38 109.938 
249.941 757.615 955.928 190.566 
348.847 772.594 1060.21 203.371 
354.759 655.365 1068.08 76.0203 
335.384 742.17 1045.97 171.278 
412.097 640.719 1133.61 56.0616 
343.298 621.044 1055.77 38.9474 
348.373 744.297 1060.62 172.133 
416.3 720.866 1136.53 146.28 
150.15 778.789 855.797 215.187 
388.716 825.653 1119.08 260.285 
659.191 625.938 1087.62 47.9605 
408.523 614.993 1129.5 27.0248 
343.296 674.248 1031.52 99.4256 
371.152 646.984 1086.87 65.5798 
290.309 617.777 996.661 39.7946 
355.704 765.103 1068.34 194.48 
218.715 678.527 922.572 109.541 
392.733 736.848 1109.2 163.997 
421.701 814.397 1157.1 247.687 
497.164 704.357 1169.59 151.978 
344.851 601.669 1056.58 17.0888 
308.677 796.014 1017.31 229.048 
250.51 694.583 955.04 123.072 
520.608 678.182 1136.53 146.28 
363.24 697.572 1076.32 123.083 
312.123 799.739 1021.09 233.039 
317.417 673.003 1028.17 97.9978 
381.263 647.206 1096.93 65.3857 
322.979 674.882 1031.52 99.4256 
332.732 749.672 1043.7 179.167 
807.684 632.582 1175.54 56.293 
337.67 742.951 1048.27 172.893 
291.877 594.623 998.597 14.0999 
385.345 662.178 1101.62 83.0298 
346.322 633.769 1058.95 53.067 
207.18 840.437 913.478 276.33 
438.731 720.225 1160.97 144.148 
382.978 669.688 1099.01 91.0307 
41.197 886.446 748.617 322.159 
309.889 930.957 1034.98 368.675 
326.711 672.959 1037.18 97.2816 
337.094 647.02 1049 68.5472 
313.006 644.763 1022.18 67.9318 
397.086 630.947 1115.72 45.6887 
313.916 830.154 1021.89 264.868 
312.854 617.15 1021.64 37.2172 
304.951 600.445 1013.43 18.6879 
481.254 833.575 1184.88 281.981 
335.981 798.065 1047.11 230.24 
332.783 640.249 1044.08 60.6963 
410.789 698.384 1131.7 120.748 
237.954 933.004 943.528 367.962 
396.568 680.119 1113.72 100.143 
456.791 683.103 1151.93 116.236 
384.437 627.171 1100.91 43.3073 
116.911 830.311 826.211 265.829 
395.078 603.676 1114.88 15.1521 
415.826 645.826 1136.99 60.1351 
335.651 743.225 1045.97 171.278 
409.534 670.555 1128.17 89.8766 
184.749 915.029 896.739 349.958 
121.953 859.208 832.449 295.313 
457.691 854.11 1160.52 306.102 
263.864 735.851 970.32 167.106 
369.919 753.677 1083.65 182.961 
452.884 676.847 1146.38 109.938 
235.423 666.125 940.544 94.5936 
329.392 601.982 1040.27 18.9126 
311.059 693.439 1020.17 120.203 
234.963 701.503 946.23 129.134 
336.375 682.619 1049.03 106.677 
396.625 732.661 1113.22 159.648 
120.996 859.529 832.449 295.313 
273.957 486.083 66.2227 728.478 
326.154 798.924 1035.99 231.651 
451.21 680.759 1145.36 113.116 
427.633 637.201 1151.91 50.6913 
335.688 601.825 1046.52 18.4083 
365.713 776.041 1078.7 206.87 
165.979 757.31 871.687 192.355 
157.152 840.2 867.345 280.763 
314.647 792.647 1023.12 225.531 
218.594 696.866 925.354 128.32 
509.569 700.005 1169.59 151.978 
240.893 699.87 946.23 129.134 
399.719 841.07 1131.13 276.213 
242.841 923.467 948.358 358.732 
368.812 765.658 1082.21 195.707 
783.947 922.323 1062.86 364.111 
340.899 679.404 1052.64 103.449 
292.044 665.148 999.455 90.9668 
602.674 618.18 1166.73 32.3256 
440.478 850.516 1142.25 305.347 
230.665 800.17 947.367 232.775 
438.797 633.807 1164.83 44.9904 
401.361 625.351 1121.22 39.2802 
610.845 925.751 1082.96 396.325 
325.078 616.887 1035.04 36.1901 
78.5663 884.927 789.484 321.012 
154.809 804.856 861.126 241.618 
195.179 887.627 907.075 323.411 
535.636 691.743 1169.59 151.978 
399.402 604.841 1119.93 16.0522 
337.424 771.392 1048.43 203.346 
215.469 676.524 919.729 107.733 
440.563 665.778 1164.47 83.5838 
572.08 839.126 1141.04 319.962 
347.84 706.061 1059.92 132.176 
267.756 653.077 973.733 80.0265 
56.758 894.219 766.727 334.495 
20.0974 928.182 732.117 361.104 
142.7 789.942 848.734 226.9 
281.55 594.389 987.113 15.0955 
341.628 673.907 1031.52 99.4256 
216.058 675.871 919.729 107.733 
337.919 710.997 1048.89 137.681 
135.837 868.552 849.053 305.133 
303.398 632.114 1104.43 46.7491 
437.838 685.457 1162.84 104.845 
186.41 880.616 894.503 316.124 
267.104 773.606 974.13 204.274 
252.901 687.059 957.118 115.84 
492.088 843.389 1177.81 298.106 
207.828 859.495 913.334 295.161 
372.47 631.221 1046.52 18.4083 
424.781 653.875 1147.18 70.1932 
174.647 761.751 881.157 198.147 
260 646.664 965.758 73.6634 
255.977 652.071 960.574 78.9341 
436.062 788.42 1173.15 217.636 
377.846 684.666 1092.07 108.428 
268.14 656.944 974.165 83.8031 
371.802 762.633 1084.94 192.197 
112.21 856.139 821.478 292.342 
384.915 759.174 1099.84 188.089 
533.393 599.079 1046.52 18.4083 
376.413 688.194 1091.03 111.356 
492.768 848.444 1117.17 340.399 
642.039 616.646 1166.73 32.3256 
462.968 847.326 1183.79 290.515 
320.469 784.634 1030.05 216.493 
183.589 761.385 890.736 196.895 
287.481 797.812 995.548 231.219 
233.127 689.905 938.739 121.005 
452.379 690.129 1118.09 140.881 
323.262 656.106 985.421 83.0738 
342.859 606.519 1054.74 22.9051 
503.973 747.665 1059.71 345.406 
426.153 688.004 1146.38 109.938 
698.65 624.628 1087.62 47.9605 
375.177 622.513 1090.51 38.6305 
467.911 710.513 1138.69 162.215 
425.396 869.192 1127.72 325.956 
748.395 586.021 731.239 336.671 
806.704 612.909 1006 31.2938 
317.302 680.041 1027.11 105.36 
254.561 684.798 961.537 114.941 
357.634 727.168 1069.82 155.158 
587.143 842.478 1141.04 319.962 
497.654 629.897 1046.52 18.4083 
383.024 850.792 981.983 590.936 
193.661 898.845 906.229 334.255 
442.306 709.516 1109.2 163.997 
348.411 897.905 1076.58 334.898 
406.581 717.634 1124.61 142.409 
1155.33 836.567 485.086 334.969 
382.413 870.129 1112.59 307.179 
553.98 628.428 1058.95 53.067 
950.258 476.687 748.117 692.636 
278.942 656.844 985.421 83.0738 
471.827 844.771 1175.05 294.617 
447.415 847.177 1166.68 290.943 
493.162 436.033 1057.42 410.544 
322.031 941.573 1047.81 379.338 
1149.36 769.429 900.926 398.768 
384.891 738.187 1128.13 148.441 
362.552 616.209 1076.23 32.5783 
252.889 847.527 230.133 664.836 
545.836 841.595 1141.04 319.962 
352.078 679.058 1065.16 102.384 
431.366 728.9 1125.63 170.013 
832.33 658.564 1007.23 38.1619 
229.925 654.32 934.654 82.7754 
569.083 802.286 1056.16 267.711 
491.711 445.146 1051.95 418.365 
1115.62 736.114 803.726 328.083 
929.937 486.775 766.727 334.495 
931.277 472.537 1125.94 367.084 
346.752 645.5 1012.68 69.7608 
567.603 822.885 76.4193 292.588 
678.453 182.696 1085.36 470.531 
683.123 743.705 1105.96 269.926 
225.876 721.36 930.889 152.832 
229.353 821.598 938.758 256.67 
529.397 608.318 1055.77 38.9474 
289.747 657.042 997.127 82.1973 
136.908 832.517 847.1 269.148 
310.876 653.358 1020.83 76.8587 
658.882 865.396 1117.17 340.399 
384.901 777.743 1100.05 211.787 
769.718 593.442 1093.47 13.6011 
667.155 398.977 1067.27 311.718 
724.223 603.815 1174.3 19.0188 
286.489 665.123 1083.22 75.3805 
251.871 740.009 958.533 171.706 
1156.91 801.395 17.1101 346.563 
179.58 858.357 888.48 293.067 
304.34 917.604 1029.65 355.25 
443.246 722.672 1166.1 146.575 
345.204 888.313 1071.84 325.175 
85.6402 874.55 871.687 192.355 
989.325 627.37 475.591 319.532 
579.622 627.696 1087.62 47.9605 
957.003 510.386 29.8756 249.196 
1110.1 732.602 803.726 328.083 
326.164 915.457 1052.17 352.999 
723.147 635.4 780.268 689.813 
574.25 842.653 1141.04 319.962 
369.123 393.913 960.949 49.4283 
488.852 839.909 1175.05 294.617 
979.801 569.256 426.798 278.767 
231.671 715.338 937.076 147.228 
375.831 904.983 1105.98 343.001 
395.11 862.752 1125.02 297.738 
376.899 600.985 1086.37 14.0853 
238.078 677.906 942.01 108.59 
1039.14 794.632 924.465 411.465 
365.907 663.462 1080.43 84.4346 
216.327 809.769 924.623 244.768 
316.94 758.906 1027.6 196.393 
795.793 612.576 1166.73 32.3256 
580.174 841.592 1141.04 319.962 
337.856 740.546 1045.97 171.278 
198.533 925.349 907.144 359.068 
901.431 553.025 924.383 232.766 
555.507 342.217 1141.36 220.399 
317.155 636.536 1027.32 57.9904 
147.275 932.724 427.89 423.859 
700.013 170.336 316.349 689.125 
453.707 808.956 1164.68 243.473 
359.309 645.99 1023.93 69.6785 
337.802 929.227 1065.91 367.632 
350.239 647.136 1061.05 66.9983 
381.535 860.973 1111.49 297.604 
1155.03 761.507 867.635 198.228 
848.963 770.257 714.277 438.062 
622.138 582.588 1005.66 365.203 
345.798 533.378 894.925 277.607 
294.343 602.026 1087.62 47.9605 
512.501 678.62 1157.8 132.281 
588.148 842.701 1141.04 319.962 
287.98 867.934 993.853 305.396 
523.904 843.929 1141.04 319.962 
251.601 924.634 957.262 360.077 
