165
254.514 684.552 389.572 410.052 
1111.57 811.736 813.781 738.646 
1065.94 829.208 821.557 546.346 
84.6686 761.958 668.45 539.33 
1064.65 829.362 821.557 546.346 
950.344 462.552 450.927 800.546 
1006.18 853.282 812.703 551.674 
1145.76 291.463 831.846 462.508 
262.192 930.562 695.617 564.215 
339.227 763.354 706.362 538.839 
250.321 924.22 695.617 564.215 
1169.97 804.322 837.528 541.217 
1116.52 432.285 830.08 484.112 
1155.66 173.855 832.837 443.193 
230.823 743.049 690.581 536.05 
1438.77 108.92 876.05 432.62 
1267.44 135.848 999.614 900.825 
847.081 672.663 786.929 522.321 
513.469 835.311 735.018 549.595 
94.4988 70.8321 667.556 431.683 
1405.93 134.517 758.207 523.375 
889.839 229.436 678.295 730.057 
669.006 672.245 758.207 523.375 
1306.47 323.307 1107.55 541.219 
1075.47 335.343 820.23 469.288 
166.659 537.624 679.79 503.881 
244.354 952.338 792.16 961.989 
1050.39 423.372 817.756 482.602 
1218.66 423.668 843.632 481.805 
69.5104 490.471 664.318 496.918 
92.37 529.132 668.902 502.901 
281.145 816.626 698.576 547.685 
92.5336 528.553 668.902 502.901 
284.826 713.082 698.858 531.501 
579.853 883.903 745.555 557.202 
1199.56 882.375 842.202 553.704 
1456.69 184.331 1378.24 886.542 
798.036 674.446 982.116 927.157 
1200.02 886.759 842.202 553.704 
1270.13 85.0993 850.525 428.687 
1240.01 398.314 846.581 477.753 
1222.04 477.19 844.894 490.674 
1442.53 134.262 1000.39 787.424 
1081.67 780.838 1435.17 577.885 
933.782 126.082 1221.64 451.231 
902.059 662.742 795.057 520.516 
302.885 345.727 701.25 472.992 
1440.12 219.655 877.152 449.029 
315.846 561.354 559.987 443.485 
695.655 480.206 1028.95 795.123 
335.514 318.476 703.695 469.454 
1319.4 213.579 858.476 448.214 
735.589 868.944 769.315 554.518 
107.491 739.93 90.3214 439.365 
988.502 436.636 1402.2 363.626 
1063.73 499.476 819.688 494.683 
1258.58 847.804 851.28 548.26 
1098.16 124.888 823.972 435.93 
78.8625 345.902 1139.79 623 
773.523 116.207 314.079 353.744 
1494.26 732.511 166.357 670.797 
652.237 616.408 832.709 759.777 
1172.69 507.646 837.071 495.531 
1352.58 596.827 864.787 508.964 
1148.65 200.122 831.965 447.771 
930.656 842.465 800.628 549.008 
531.743 842.428 738.606 552.265 
139.594 493.331 675.644 497.464 
944.937 114.38 799.722 434.867 
1095.19 128.782 823.972 435.93 
1495.41 335.536 342.614 932.259 
1077.86 812.013 1161.05 542.723 
870.79 843.652 975.825 977.993 
1057.3 777.283 630.3 737.245 
200.8 613.367 683.213 516.191 
1049.92 370.387 817.143 474.712 
1053.98 377.852 817.143 474.712 
945.278 110.743 799.722 434.867 
1058.17 369.691 817.143 474.712 
867.632 722.991 789.18 530.086 
38.3531 377.703 234.934 966.956 
995.685 604.718 1446.34 605.155 
1078.64 382 822.417 475.844 
1223.59 578.39 844.661 508.4 
755.012 777.597 772.365 539.51 
82.4612 331.754 1354.88 632.6 
269.806 590.845 695.693 512.043 
1261.82 849.368 851.28 548.26 
171.3 646.622 681.48 520.129 
1222.72 582.745 844.661 508.4 
1221.09 591.55 844.661 508.4 
755.998 780.658 772.365 539.51 
726.758 233.065 1336.62 881.422 
1387.69 244.988 868.705 453.773 
881.384 843.002 975.825 977.993 
812.902 769.239 862.848 872.956 
714.275 866.25 766.548 554.201 
797.703 130.217 776.645 437.95 
1301.15 799.918 857.819 540.173 
628.09 429.051 751.138 486.364 
356.626 595.247 709.835 512.076 
754.82 749.683 772.052 535.642 
1429.61 741.51 877.06 530.886 
1125.21 399.87 1399.14 356.995 
1378.26 329.662 1135.27 538.504 
560.862 535.73 740.86 502.167 
1333.55 241.552 859.951 452.966 
1292.2 792.824 857.819 540.173 
531.718 853.984 738.606 552.265 
1127.83 582.359 830.084 506.899 
979.874 426.02 207.948 820.528 
1182.82 254.097 838.126 456.85 
669.671 298.658 1210.96 594.162 
494.931 578.656 730.809 509.865 
1393.4 294.56 1134.53 552.504 
1021.92 161.714 812.608 441.065 
519.615 732.828 734.55 532.782 
1104.65 578.734 830.084 506.899 
508 733.584 734.55 532.782 
524.208 118.019 734.414 437.143 
1261.56 754.159 851.565 533.811 
1120.63 314.01 121.881 457.868 
1178.9 757.659 838.739 534.424 
1280.34 362.698 852.791 471.979 
1050.37 794.703 936.797 790.924 
1132.76 334.133 507.119 670.355 
1044.02 296.121 815.874 463.374 
1052.27 298.997 815.874 463.374 
840.135 58.0504 1406.35 408.72 
110.262 233.778 679.023 887.212 
1274.42 297.697 852.347 462.74 
719.218 857.943 1318.97 981.693 
374.765 750.434 1246.77 925.978 
222.214 302.441 687.559 467.334 
1218.88 701.391 844.892 524.698 
600.314 870.84 1430.5 510.047 
469.707 448.951 726.104 489.541 
1390.84 382.567 870.178 474.012 
1109.57 549.157 541.755 881.491 
753.591 384.678 770.621 477.966 
1284.78 280.936 1475.01 556.165 
426.842 845.799 721.634 550.205 
762.566 319.657 962.833 859.895 
1107.9 551.002 1383.02 922.925 
102.347 467.264 670.16 492.783 
851.793 247.923 786.205 455.897 
852.986 537.386 1383.02 922.925 
548.777 216.407 1382.58 430.404 
163.092 197.658 679.027 451.609 
1259.46 886.756 58.3405 900.303 
221.694 295.019 687.559 467.334 
1100.28 259.754 826.42 455.892 
1471.8 616.105 1296.42 906.354 
384.942 611.412 497.62 814.839 
1065.24 857.839 556.64 349.621 
544.956 682.67 1475.01 556.165 
1008.5 62.0579 634.073 470.402 
1439.75 459.21 744.848 594.527 
553.312 695.932 738.886 525.138 
1447.66 763.942 642.726 893.308 
157.454 934.309 121.881 457.868 
892.783 688.73 826.68 787.615 
856.331 804.635 850.208 855.758 
921.455 779.666 89.0485 887.787 
504.201 735.989 571.9 828.731 
