0.620312
0.691244
0.549667
0.345573
0.528859
0.595003
0.636706
0.565895
0.403021
0.5035
0.619169
0.446668
0.555953
0.459599
0.54285
0.644345
0.643347
0.662753
0.486448
0.497977
0.682135
0.673903
0.441547
0.60461
0.474658
0.499036
0.665949
0.569163
0.561817
0.596798
0.304014
0.395563
0.308054
0.692883
0.542905
0.47413
0.668724
0.609585
0.624659
0.662454
0.690673
0.490471
0.668788
0.695799
0.634411
0.694965
0.464427
0.643115
0.633278
0.696241
0.669165
0.627471
0.545685
0.698304
0.651254
0.340309
0.441176
0.452381
0.678698
0.572702
0.694221
0.673322
0.244265
0.273474
0.576812
0.349661
0.568882
0.577054
0.541753
0.551043
0.58462
0.531852
0.563996
0.697733
0.524307
0.683348
0.462648
0.611227
0.656117
0.612324
0.690931
0.619578
0.461725
0.542394
0.62691
0.683218
0.182425
0.616561
0.605817
0.656532
0.234422
0.562803
0.681127
0.61463
0.662944
0.643352
0.376316
0.294393
0.444304
0.623561
0.443208
0.569495
0.629849
0.699306
0.635915
0.658688
0.535875
0.687038
0.372014
0.516863
0.672704
0.688726
0.678079
0.507679
0.69021
0.558035
0.415076
0.608519
0.443722
0.635087
0.49521
0.62338
0.658581
0.506203
0.658844
0.628195
0.608684
0.553849
0.671741
0.658774
0.663444
0.63542
0.643959
0.678578
0.685455
0.591722
0.59939
0.684276
0.678224
0.492718
0.658921
0.637536
0.693911
0.676735
0.544039
0.518798
0.694405
0.690351
0.649891
0.673037
0.444666
0.596402
0.683455
0.690315
0.66167
0.665013
0.55155
0.632117
0.647853
0.675881
0.636224
0.680732
0.633512
0.668165
0.579062
