331
397.559 509.157 332.456 506.113 
349.738 347.873 346.884 351.224 
452.221 488.921 368.344 494.953 
39.2502 468.315 113.804 407.385 
115.566 298.52 220.715 238.199 
117.995 328.357 208.637 285.041 
502.916 358.199 433.757 394.399 
269.876 465.995 267.189 448.397 
118.991 329.261 208.637 285.041 
270.241 465.814 267.189 448.397 
452.295 489.095 368.344 494.953 
435.81 311.053 404.996 336.917 
128.258 508.975 164.916 465.61 
64.0475 362.423 162.135 306.587 
89.6493 522.09 134.829 470.722 
276.738 540.669 255.484 519.258 
593.136 500.711 440.726 525.699 
127.732 509.113 164.916 465.61 
116.292 281.123 220.715 238.199 
63.4497 336.63 171.819 284.395 
153.684 234.182 262.091 200.799 
102.885 588.825 283.978 320.91 
42.8696 416.911 131.493 356.479 
45.2935 339.563 155.947 280.945 
454.706 376.719 399.714 397.503 
392.701 336.077 374.842 348.39 
250.766 434.73 262.8 416.051 
658.111 356.701 452.916 49.2763 
141.962 519.007 170.824 476.254 
263.409 378.758 287.27 363.518 
265.994 388.698 286.958 371.692 
510.974 187.368 477.605 242.084 
281.975 326.008 315.382 317.312 
541.323 342.258 454.425 381.485 
66.6285 625.845 95.5233 572.288 
729.086 376.8 524.298 499.346 
525.421 60.2976 515.882 134.898 
119.955 274.331 225.825 232.572 
265.426 388.754 286.958 371.692 
117.247 461.695 170.849 415.546 
218.987 161.181 319.474 149.411 
266.724 167.743 347.227 166.734 
553.443 246.978 483.129 302.4 
620.861 375.352 485.304 423.838 
604.796 161.808 530.094 240.258 
47.0369 276.196 175.831 216.959 
603.388 156.966 530.094 240.258 
287.481 376.199 302.971 366.925 
66.8191 589.657 104.741 536.451 
579.157 533.617 69.5251 221.281 
524.633 155.498 490.341 213.184 
499.548 512.712 389.156 523.127 
139.107 608.911 75.6044 265.682 
744.056 49.0825 619.528 181.032 
396.628 138.94 430.402 171.056 
744.14 47.8232 619.528 181.032 
431.639 481.184 362.535 486.18 
381.648 139.809 419.853 169.401 
381.786 140.137 419.853 169.401 
96.713 320.156 198.567 273.042 
438.806 241.953 424.918 276.03 
558.479 258.434 483.384 311.965 
363.082 206.632 391.816 227.259 
351.235 388.685 337.133 391.2 
334.638 434.903 315.915 429.827 
206.167 165.939 309.966 151.92 
332.957 415.437 319.656 409.766 
402.962 608.646 314.289 599.048 
173.775 453.572 210.029 418.984 
350.749 414.837 330.031 414.539 
417.422 230.608 415.397 260.246 
392.074 244.329 397.892 267.394 
376.418 620.851 295.196 606.089 
274.324 145.535 358.436 148.296 
597.46 47.2255 554.667 141.027 
595.357 46.0655 554.667 141.027 
598.239 47.4743 554.667 141.027 
310.032 427.755 305.103 418.48 
223.887 169.384 320.842 157.451 
31.7234 218.648 182.747 154.834 
92.7258 163.239 239.503 117.179 
531.974 531.328 403.921 544.246 
549.16 196.105 492.77 255.796 
92.0348 164.017 239.503 117.179 
212.738 240.057 296.239 220.202 
685.954 276.255 539.947 350.944 
27.4891 379.627 131.286 320.344 
268.034 153.308 350.899 153.522 
133.538 356.163 267.963 552.121 
544.406 195.542 570.426 237.005 
391.019 591.3 311.81 581.633 
155.048 267.913 252.292 232.665 
262.518 155.823 346.085 157.923 
436.963 618.33 331.642 610.066 
116.051 259.248 226.641 220.831 
234.581 192.634 321.044 186.492 
666.931 257.621 534.923 332.562 
142.355 367.914 213.529 328.45 
66.4987 559.966 113.126 505.174 
253.867 593.756 231.205 568.174 
411.987 98.3414 448.645 144.414 
11.4627 460.901 97.7031 395.177 
410.446 503.28 341.174 505.35 
229.776 590.778 381.41 506.482 
351.507 234.579 378.251 248.722 
35.0387 619.19 75.0202 560.08 
128.289 243.196 241.935 205.277 
732.105 253.886 622.983 216.224 
206.863 71.3318 338.887 56.9683 
532.123 309.571 615.684 409.177 
44.7204 194.759 197.599 135.511 
399.5 620.662 309.811 608.174 
362.21 144.53 408.188 167.162 
146.881 145.392 285.126 118.177 
245.101 449.298 254.732 430.648 
27.9515 382.87 131.286 320.344 
734.414 270.889 563.473 355.137 
146.977 146.471 284.935 116.362 
119.043 158.406 260.346 119.262 
393.153 126.903 431.146 162.069 
354.93 303.404 362.818 311.569 
56.1627 187.009 209.503 128.605 
363.728 299.214 369.751 307.548 
498.8 565.485 400.284 574.975 
194.588 66.8179 331.06 51.2881 
586.674 241.764 503.272 304.339 
501.964 117.453 488.836 180.029 
599.796 139.292 533.102 220.562 
56.4883 186.494 209.503 128.605 
45.4964 553.592 100.227 496.713 
387.233 118.11 427.539 152.209 
82.1974 575.48 122.297 522.161 
60.032 567.462 105.141 510.059 
73.9933 178.324 224.253 127.343 
115.699 159.48 257.166 119.647 
32.048 312.198 155.278 248.628 
102.342 288.733 90.5325 342.051 
19.9573 493.495 93.8827 429.285 
190.02 247.511 282.033 221.826 
354.785 148.777 403.437 172.438 
384.662 116.194 427.539 152.209 
185.266 513.733 201.031 478.554 
385.763 116.699 427.539 152.209 
518.264 412.345 131.946 245.312 
219.744 184.31 314.142 170.078 
129.954 296.365 229.331 241.709 
130.861 305.147 225.964 267.15 
400.54 541.714 364.297 562.767 
51.9544 76.6824 240.213 21.0959 
82.9513 220.764 211.778 173.965 
358.427 442.06 322.968 431.572 
395.893 566.128 325.326 562.388 
551.036 384.617 448.204 418.763 
188.796 247.494 282.033 221.826 
248.644 140.668 340.648 140.748 
75.3774 177.923 224.253 127.343 
42.9128 596.884 86.0857 540.224 
219.269 67.1508 347.685 59.5674 
680.547 188.141 560.309 279.81 
295.797 221.233 350.196 225.482 
38.164 506.366 105.209 446.97 
113.789 488.823 159.386 441.49 
586.828 438.912 452.992 472.071 
218.141 69.8545 347.685 59.5674 
423.468 550.791 364.297 562.767 
296.392 222.622 350.196 225.482 
27.3421 236.958 174.924 172.031 
222.093 459.039 221.301 351.148 
180.797 44.8907 330.336 26.7086 
586.443 437.994 452.992 472.071 
116.78 75.0026 281.364 37.225 
396.191 147.926 430.737 184.155 
154.515 64.6003 305.496 39.6315 
400.683 87.463 442.058 131.915 
426.521 336.413 394.234 354.043 
81.1445 532.697 10.8381 493.882 
414.287 558.294 333.85 554.979 
216.138 451.952 221.301 351.148 
55.5546 531.226 124.457 479.697 
38.2272 90.6705 10.8381 493.882 
41.5251 167.781 206.105 112.967 
532.926 446.86 426.403 471.437 
176.978 118.225 303.275 95.5396 
156.963 62.6135 306.02 39.9031 
195.46 441.898 224.817 415.863 
159.734 38.876 319.281 17.2825 
292.108 368.867 307.474 360.912 
561.662 411.329 445.547 444.501 
366.071 140.157 411.138 165.114 
539.469 456.668 424.347 475.2 
530.468 558.425 580.825 173.808 
408.315 25.2444 505.808 184.119 
273.811 617.181 235.079 590.804 
250.007 453.828 261.346 430.7 
354.698 459.004 322.101 455.3 
408.999 183.429 424.523 216.376 
454.613 558.841 364.297 562.767 
372.253 303.52 374.16 312.259 
202.444 328.147 264.783 322.861 
563.66 18.9084 544.575 109.09 
574.827 90.6656 10.8381 493.882 
230.844 153.78 328.037 145.017 
373.106 302.106 374.16 312.259 
439.822 551.802 351.007 551.713 
474.182 226.114 449.3 265.085 
195.888 98.6905 324.283 80.7994 
22.1487 588.021 73.7874 526.771 
333.788 402.816 326.396 396.904 
580.784 185.227 510.999 251.265 
226.427 292.109 287.969 274.864 
487.717 467.797 393.404 480.833 
43.0064 491.779 110.219 431.966 
547.658 155.715 10.8381 493.882 
24.1595 73.373 144.165 604.525 
654.821 396.979 88.2032 97.7264 
291.041 627.144 592.88 442.928 
607.657 586.618 621.724 69.8197 
299.83 24.2232 405.422 43.1534 
374.894 391.437 351.921 398.471 
452.6 554.043 358.357 555.867 
174.106 155.015 294.044 132.088 
537.367 111.4 510.058 181.297 
153.864 319.784 236.514 282.876 
136.843 59.3155 298.813 28.215 
24.3419 150.231 199.337 85.8854 
530.834 465.844 415.696 488.27 
507.455 203.768 708.63 140.156 
207.713 450.307 233.143 423.587 
143.153 302.024 234.314 266.133 
24.0938 74.4859 144.165 604.525 
23.0086 153.078 197.059 87.634 
24.8035 149.302 199.337 85.8854 
151.396 219.841 261.623 191.134 
452.589 218.7 439.677 255.694 
377.146 394.174 351.921 398.471 
140.084 82.8021 291.031 52.7568 
79.1876 480.12 138.315 427.141 
367.45 561.281 305.991 552.742 
530.407 464.291 415.696 488.27 
237.783 135.73 349.629 112.419 
226.122 293.527 287.969 274.864 
534.985 113.026 510.058 181.297 
113.162 485.07 159.386 441.49 
402.139 448.329 352.19 455.882 
250.322 333.451 292.758 319.316 
137.964 348.572 146.016 524.812 
173.076 534.042 175.949 534.447 
76.293 479.176 138.315 427.141 
530.051 462.379 415.696 488.27 
93.0967 364.43 181.734 314.562 
435.799 112.079 452.09 161.031 
403.584 402.466 365.981 411.273 
671.533 62.4211 536.243 68.9795 
455.139 555.85 226.824 364.511 
15.5382 73.5882 144.165 604.525 
147.265 349.456 224.012 314.034 
329.877 24.571 425.774 50.4577 
386.474 524.53 171.084 495.26 
250.375 134.699 382.541 94.1027 
365.8 563.272 305.991 552.742 
200.957 258.135 282.037 235.85 
464.858 523.996 372.262 530.304 
386.349 554.778 318.564 547.275 
153.826 509.943 327.676 132.317 
72.1693 111.664 297.879 59.5079 
669.984 196.954 548.896 280.725 
611.699 26.7561 71.0964 142.976 
73.4798 478.218 138.315 427.141 
463.153 90.0754 471.122 150.113 
226.397 300.143 290.161 330.15 
38.4255 224.726 187.284 162.443 
16.43 238.878 167.249 171.002 
59.9186 119.193 34.869 101.287 
57.9701 550.859 138.498 307.523 
421.995 114.295 349.629 112.419 
370.733 556.745 308.965 546.447 
29.2329 303.122 155.278 248.628 
69.8203 195.048 216.676 141.177 
748.355 108.897 491.815 592.046 
420.45 114.973 349.629 112.419 
288.046 625.202 592.88 442.928 
355.263 60.3415 130.474 300.418 
110.185 117.826 265.651 77.0074 
761.986 192.212 355.402 564.092 
110.106 383.877 274.785 556.694 
724.884 211.95 574.984 290.457 
204.784 446.437 231.971 417.988 
191.395 562.357 195.562 526.527 
134.931 510.024 521.709 161.015 
367.955 295.812 372.064 308.018 
713.448 346.507 117.681 482.245 
154.542 508.564 327.676 132.317 
97.3195 383.437 160.658 539.915 
429.07 118.321 457.24 159.225 
259.975 88.5762 75.4411 120.16 
628.796 103.968 401.04 320.385 
336.822 26.1522 426.144 56.1132 
74.167 153.378 219.56 52.0458 
685.267 85.8863 72.4568 231.076 
605.843 25.8134 401.04 320.385 
260.642 87.3979 75.4411 120.16 
80.4598 109.35 297.879 59.5079 
48.4955 504.909 111.271 446.106 
423.263 78.7682 305.815 551.171 
412.782 305.003 393.592 322.705 
68.837 128.575 234.327 75.6723 
56.8501 424.65 139.262 371.565 
610.24 137.343 571.638 587.954 
467.125 73.0162 348.429 548.356 
431.941 116.552 457.24 159.225 
713.324 210.254 208.796 349.566 
124.584 118.03 265.198 84.2126 
373.133 130.789 256.972 104.943 
621.255 294.912 70.7931 173.108 
14.3258 135.757 196.09 66.1079 
765.011 194.275 355.402 564.092 
114.039 388.947 274.785 556.694 
454.045 98.0511 471.122 150.113 
130.481 122.877 273.779 92.7397 
167.004 155.871 197.099 381.143 
410.917 119.389 473.055 335.989 
136.696 143.769 611.314 22.5916 
447.988 103.139 471.122 150.113 
253.523 105.619 349.629 112.419 
641.429 130.76 552.646 218.121 
472.453 422.839 397.28 441.06 
126.991 554.241 158.94 510.895 
458.012 552.875 358.357 555.867 
166.702 537.183 188.292 499.191 
28.9306 73.3405 144.165 604.525 
327.926 551.42 286.441 536.339 
