0.480468
0.570754
0.660964
0.410985
0.495882
0.515403
0.584285
0.456859
0.630652
0.571941
0.558954
0.451242
0.530764
0.44641
0.401465
0.655373
0.642826
0.541687
0.628245
0.570721
0.476706
0.648651
0.639167
0.453355
0.665897
0.648142
0.654232
0.590241
0.658987
0.682616
0.689552
0.493373
0.51404
0.630865
0.559483
0.546322
0.673219
0.459234
0.668126
0.452552
0.52011
0.480373
0.635821
0.657003
0.604116
0.69889
0.696355
0.682719
0.609142
0.662637
0.645749
0.525308
0.573099
0.682499
0.662929
0.686782
0.582555
0.546732
0.523939
0.51118
0.588866
0.55617
0.529782
0.608412
0.485132
0.624842
0.670533
0.591777
0.696183
0.556751
0.642461
0.551706
0.631816
0.418524
0.550407
0.670565
0.683836
0.596755
0.523277
0.395753
0.30736
0.675791
0.589796
0.291133
0.551607
0.694858
0.639396
0.602495
0.692702
0.688989
0.696842
0.583069
0.639481
0.444536
0.553872
0.668108
0.64617
0.694183
0.580668
0.692534
0.616133
0.510923
0.647448
0.636835
0.547512
0.689837
0.421721
0.612007
0.665456
0.5194
0.637351
0.514039
0.698856
0.677519
0.699284
0.6564
0.642124
0.530411
0.620309
0.62887
0.266739
0.610181
0.592661
0.597798
0.563352
0.549964
0.423981
0.681399
0.529822
0.689238
0.654767
0.68019
0.66541
0.693747
0.478272
0.639715
0.681111
0.572157
0.602601
0.59307
0.391466
0.672937
0.331805
0.595186
0.602733
0.523986
0.643843
0.592502
0.652555
0.674091
0.575161
0.688044
0.673105
0.606449
0.648012
0.436145
0.544804
0.655129
0.696904
0.605302
0.670542
0.541732
0.568749
0.523124
0.664769
0.603334
0.656243
0.636672
0.430556
0.681992
0.61378
0.655457
0.367609
0.665922
0.619663
0.514172
0.619944
0.561724
0.659103
0.61381
0.664891
0.594403
0.555027
0.502419
0.689213
0.525141
0.629629
0.587101
0.471196
0.674749
0.662818
0.569791
0.647202
0.663346
0.640589
0.603435
0.340682
0.524738
0.692582
0.589111
0.540727
0.636332
0.503599
0.697613
0.657903
0.635199
0.618512
0.61449
0.605784
0.603351
0.654819
0.454904
0.699581
0.670558
0.629897
0.413004
0.663706
0.532974
0.681672
0.694686
0.366597
0.679902
0.476517
0.630409
0.522083
0.64819
0.666475
0.672792
0.472646
0.690236
0.582623
0.598787
0.501776
0.658063
0.559996
0.64905
0.682312
0.559668
0.605081
0.583086
0.544936
0.633235
0.661623
0.361865
0.491381
0.384427
0.681583
0.693895
0.631023
0.479096
0.66871
0.51926
0.655252
0.640435
0.69696
0.680869
0.680246
0.654522
0.697825
0.566917
0.680778
0.62123
0.295108
0.581414
0.353747
0.638836
0.581898
0.535921
0.690902
0.581718
0.672245
0.580146
0.686976
0.64845
0.529754
0.483317
0.626558
0.3652
0.665286
0.509414
0.490744
0.691008
0.686465
0.579521
0.584581
0.694665
0.358657
0.568534
0.6717
0.677442
0.673249
0.685644
0.635747
0.499842
0.665194
0.673276
0.612987
0.690049
0.595554
0.600097
0.631208
0.631858
0.583542
0.58338
0.665061
0.668245
0.299534
0.692214
0.595827
0.68126
0.695522
0.595946
0.64304
0.630561
0.58999
0.648785
0.671486
0.532163
0.639948
0.658619
0.63936
0.668382
0.605994
0.664483
0.59153
0.575553
0.521993
0.552657
0.672332
0.643974
0.458497
