24
139.661 252.736 190.364 179.247 
527.922 292.367 121.241 342.568 
123.246 271.456 344.676 201.377 
329.764 173.563 380.818 310.598 
418.332 275.637 334.381 327.283 
159.244 252.854 257.259 176.606 
451.52 246.196 193.667 293.204 
246.234 276.848 136.271 295.528 
252.787 276.689 136.271 295.528 
235.679 298.997 132.519 220.823 
240.165 294.099 136.474 203.434 
435.376 293.892 122.176 317.104 
510.631 299.566 129.751 216.859 
374.235 145.194 139.372 204.128 
271.807 299.385 133.015 217.168 
427.348 254.213 414.183 191.449 
346.571 271.544 323.753 254.243 
436.975 135.959 470.813 284.738 
111.164 246.987 302.598 144.883 
301.052 309.022 104.387 302.831 
300.498 308.342 104.387 302.831 
264.096 134.565 470.684 267.435 
280.241 308.344 104.387 302.831 
517.768 189.441 132.024 208.978 
