24
534.538 274.187 341.088 26.4983 
524.909 212.271 341.088 26.4983 
535.45 287.084 341.088 26.4983 
523.348 134.826 32.6112 169.224 
192.799 135.508 309.808 239.203 
389.826 147.57 423.658 161.077 
361.52 144.387 411.371 158.147 
203.276 135.286 309.808 239.203 
91.3661 137.63 162.445 37.3476 
526.141 222.893 341.088 26.4983 
286.35 290.351 344.205 233.001 
204.646 173.868 291.858 155.154 
511.023 137.831 27.5224 179.29 
534.881 298.222 27.5224 179.29 
189.114 128.543 315.107 246.134 
521.735 137.874 32.6112 169.224 
527.922 292.367 27.5224 179.29 
116.839 291.668 411.371 158.147 
463.246 298.591 529.444 170.234 
268.76 211.82 261.791 180.697 
520.128 206.369 538.37 171.084 
510.631 299.566 288.587 134.353 
363.743 134.442 309.808 239.203 
203.129 136.65 309.808 239.203 
