63
385.802 359.805 305.648 357.847 
267.518 360.617 305.648 357.847 
430.863 359.696 305.648 357.847 
387.583 359.766 305.648 357.847 
353.286 359.951 305.648 357.847 
409.93 66.573 331.537 61.9555 
429.312 359.871 305.648 357.847 
174.629 360.71 305.648 357.847 
222.61 360.766 305.648 357.847 
192.45 360.733 305.648 357.847 
457.682 359.286 305.648 357.847 
99.9673 132.811 305.648 357.847 
93.9967 287.749 205.124 72.8192 
489.706 155.663 205.124 72.8192 
437.709 55.8442 305.648 357.847 
483.993 161.015 305.648 357.847 
489.229 134.776 205.124 72.8192 
447.69 359.503 305.648 357.847 
489.051 264.594 205.124 72.8192 
286.502 79.3404 280.527 75.5499 
206.931 357.861 243.657 343.166 
230.415 102.28 258.445 98.78 
414.646 76.278 331.53 72.3663 
251.677 50.9442 205.124 72.8192 
454.806 57.4107 305.648 357.847 
93.4314 81.0615 205.124 72.8192 
453.312 57.4565 305.648 357.847 
443.527 50.9312 205.124 72.8192 
341.584 88.9235 305.648 357.847 
282.505 50.9982 205.124 72.8192 
326.289 92.8382 297.402 88.3247 
491.648 329.929 205.124 72.8192 
100.206 281.659 305.648 357.847 
269.04 48.2521 205.124 72.8192 
230.328 302.784 400.802 250.695 
441.762 70.265 345.498 66.0795 
290.749 298.38 259.84 142.734 
489.182 200.969 205.124 72.8192 
382.894 89.1874 305.648 357.847 
477.963 353.966 432.052 353.627 
456.527 132.406 263.032 175.357 
408.829 55.7829 305.648 357.847 
108.178 272.192 212.451 109.034 
334.23 358.092 291.037 354.288 
387.316 89.8885 305.648 357.847 
461.764 309.805 318.481 156.356 
147.406 251.924 247.578 220.564 
314.039 260.793 283.39 266.826 
412.107 81.5866 329.869 76.9472 
146.724 251.69 247.578 220.564 
279.298 374.696 311.539 384.267 
483.681 332.251 305.648 357.847 
92.805 220.882 205.124 72.8192 
92.1866 284.802 205.124 72.8192 
325.043 189.044 291.687 245.2 
483.114 140.769 305.648 357.847 
316.893 49.961 205.124 72.8192 
230.907 100.204 258.445 98.78 
387.279 341.017 315.065 345.239 
313.218 296.108 282.103 289.549 
484.195 218.805 305.648 357.847 
385.672 357.449 243.657 343.166 
354.141 49.8162 205.124 72.8192 
