0.636235
0.642895
0.616422
0.62377
0.670087
0.640076
0.581175
0.681957
0.534234
0.687977
0.673251
0.541494
0.598288
0.602881
0.568616
0.654799
0.599152
0.414459
0.64006
0.297202
0.620804
0.388238
0.612442
0.575795
0.490606
0.513322
0.5051
0.630169
0.322785
0.648336
0.320118
0.567419
0.561389
0.671436
0.414857
0.636221
0.691614
0.44378
0.350528
0.381378
0.369736
0.594519
0.53075
0.585771
0.447471
0.698551
0.54352
0.690432
0.318068
0.408556
0.558683
0.505705
0.661866
0.596979
0.67193
0.668948
0.563189
0.498677
0.621047
0.47283
0.488684
0.63571
0.604923
