0.62748
0.654135
0.515414
0.621761
0.694584
0.610363
0.699325
0.531856
0.694401
0.532401
0.539647
0.457285
0.672405
0.648942
0.601341
0.663006
0.613569
0.508398
0.545815
0.685084
0.640313
0.694052
0.371891
0.581363
0.640691
0.658931
0.67972
0.455764
0.512702
0.441192
0.42046
0.567248
0.615539
0.511852
0.61491
0.572858
0.433018
0.686979
0.612751
0.635673
0.694873
0.413551
0.62774
0.512676
0.520272
0.527912
0.652214
0.68115
0.392687
0.553927
0.573876
0.679096
0.666265
0.631975
0.61588
0.685019
0.411853
0.699497
0.565484
0.599759
0.503528
0.418268
0.493554
0.259186
0.675825
0.665515
0.45184
0.665963
0.665159
0.554143
0.555382
0.684401
0.617618
0.554632
0.676564
0.656676
0.493742
0.691205
0.692861
0.585841
0.5923
0.649829
0.678735
0.271199
0.682804
0.444238
0.442892
0.608423
0.676761
0.68093
0.544256
0.624614
0.507483
0.668276
0.519464
0.670741
0.610336
0.530209
0.527941
0.685254
0.597325
0.457165
0.673954
0.638707
0.509943
0.608076
0.433536
0.684468
0.655564
0.657526
0.608166
0.694053
0.364412
0.68182
0.477285
0.651336
0.461944
0.698185
0.550914
0.6471
0.681235
0.517599
0.399871
0.60247
0.623715
0.679521
0.305328
0.577754
0.188577
0.151829
0.325775
0.34965
0.583389
0.495288
0.557517
0.360323
0.438806
0.543514
0.620144
0.603771
0.448458
0.38114
0.260507
0.517842
0.696403
0.629668
0.673058
0.652677
0.458865
0.62232
0.611152
0.593761
0.623637
0.495634
0.527111
0.617923
0.567344
0.365551
0.453144
0.187825
0.554347
0.357628
0.538407
0.232075
0.363431
0.652697
0.313281
0.624476
0.459539
0.698397
0.612562
0.612644
0.30736
0.212003
0.573891
0.30918
0.552469
0.586686
0.181185
0.698896
0.617271
0.691554
0.683801
0.517186
0.695096
0.669318
0.650214
0.452297
0.592273
0.507702
0.614324
0.299814
0.450019
0.42899
0.446721
0.659774
0.66877
0.417456
0.473649
0.598057
0.22855
0.654781
0.628661
0.548877
0.185608
0.688612
0.603178
0.611097
0.44009
0.156233
0.362698
0.497715
0.583509
0.285013
0.314957
0.580805
0.0936433
0.665559
0.559458
0.3039
0.437163
0.345974
0.67067
0.672319
0.133557
0.536667
0.318076
0.652805
0.611328
0.563682
0.257329
0.622786
0.66984
0.661519
0.370872
0.318432
0.655344
0.680817
0.579907
