239
52.0616 602.161 819.257 196.864 
1378.26 673.22 819.257 196.864 
57.015 537.563 819.257 196.864 
50.3839 623.002 819.257 196.864 
1372.79 576.105 819.257 196.864 
1360.35 431.917 819.257 196.864 
1369.86 604.271 819.257 196.864 
1375.31 626.736 819.257 196.864 
1306.64 861.565 819.257 196.864 
46.7622 611.191 819.257 196.864 
1307.55 860.661 819.257 196.864 
73.6808 306.165 819.257 196.864 
110.246 648.293 60.4663 1108.84 
1259.43 857.818 819.257 196.864 
355.509 66.5407 441.94 154.368 
41.8848 705.233 819.257 196.864 
1376.99 737.942 819.257 196.864 
56.1123 553.181 819.257 196.864 
125.322 608.375 85.136 1037.71 
69.5811 303.356 819.257 196.864 
38.0936 753.379 819.257 196.864 
49.9676 636.899 819.257 196.864 
1356.39 309.313 819.257 196.864 
1362.02 353.125 819.257 196.864 
33.0156 812.238 819.257 196.864 
71.8342 337.799 819.257 196.864 
1373.18 677.114 819.257 196.864 
79.1179 218.623 819.257 196.864 
36.0913 815.174 819.257 196.864 
60.1618 443.562 819.257 196.864 
48.8744 614.37 819.257 196.864 
169.268 386.026 150.826 652.221 
1363.34 516.427 819.257 196.864 
268.16 445.896 311.702 779.973 
63.204 453.222 819.257 196.864 
122.073 596.829 79.9595 1018.28 
115.736 108.708 50.8074 140.184 
1355.12 203.003 819.257 196.864 
62.146 524.943 403.596 135.347 
180.849 460.826 173.116 788.34 
274.753 458.822 321.513 805.122 
67.9785 421.603 819.257 196.864 
265.88 601.739 312.768 1048.45 
132.27 610.864 94.2023 1044.21 
380.338 133.826 472.487 275.75 
196.221 409.909 196.882 700.904 
137.465 661.318 110.334 1136.36 
80.9948 105.478 403.596 135.347 
82.186 98.6114 403.596 135.347 
986.075 868.318 819.257 196.864 
250.54 587.655 287.508 1023.34 
173.039 390.308 157.008 660.681 
109.807 634.657 57.2082 1083.68 
1349.24 105.62 819.257 196.864 
206.813 623.476 219.755 1080.59 
1365.58 431.001 819.257 196.864 
131.383 411.675 89.9754 689.1 
171.631 643.163 161.384 1108.5 
53.9305 584.668 819.257 196.864 
385.148 62.892 479.432 159.087 
1352.95 196.195 819.257 196.864 
796.883 659.114 81.5737 1104.78 
134.129 454.772 95.442 765.485 
38.7852 741.766 819.257 196.864 
68.9139 380.827 819.257 196.864 
1473.02 793.117 819.257 196.864 
706.253 396.37 935.336 795.207 
182.926 669.655 182.266 1157.92 
668.338 407.249 885.49 801.246 
58.7351 520.112 819.257 196.864 
1428.21 792.78 819.257 196.864 
37.3693 799.71 819.257 196.864 
203.533 414.737 207.385 712.072 
139.167 662.012 110.334 1136.36 
1372.06 660.9 819.257 196.864 
206.589 674.425 219.805 1166.91 
489.115 364.639 637.601 695.525 
76.1237 230.579 819.257 196.864 
166.936 69.1078 140.227 86.2534 
166.046 100.219 136.094 141.268 
231.278 599.667 257.652 1039.88 
49.5139 595.647 819.257 196.864 
132.824 97.5303 80.84 125.027 
571.288 419.105 754.498 802.442 
240.924 608.729 268.895 1056.98 
399.752 63.5264 506.221 168.758 
738.895 616.019 46.468 1108.8 
75.8387 230.013 819.257 196.864 
391.042 55.4089 495.759 145.297 
700.662 306.913 927.262 652.71 
148.033 600.796 124.522 1027.04 
143.324 620.38 116.64 1062.39 
40.7213 716.052 819.257 196.864 
80.6486 225.772 819.257 196.864 
170.05 625.324 160.181 1076.56 
613.293 413.82 811.558 801.756 
66.3689 422.439 819.257 196.864 
581.275 416.71 768.369 800.398 
57.064 540.291 819.257 196.864 
625.561 403.342 828.807 788.387 
127.633 88.2393 69.0892 101.436 
267.165 599.697 315.404 1045.1 
165.455 414.185 146.078 701.343 
57.7251 454.53 82.0994 38.0587 
262.307 589.057 306.762 1028.15 
715.338 305.917 946.34 653.586 
1439.82 341.266 179.705 956.12 
218.737 410.648 238.217 709.888 
61.9678 456.714 819.257 196.864 
195.664 73.6738 181.829 116.243 
199.899 411.543 202.623 702.944 
109.568 655.732 57.3742 1124.46 
329.504 67.1301 398.405 148.16 
576.164 322.796 758.123 644.793 
1349.26 104.35 819.257 196.864 
219.141 431.5 233.606 744.026 
326.023 73.432 258.003 130.369 
54.0915 639.593 403.596 135.347 
123.486 56.0658 66.1628 45.1353 
175.699 662.348 168.93 1143.67 
177.654 406.006 165.265 688.817 
189.285 659.996 192.541 1142.24 
188.519 577.656 188.934 994.093 
42.9193 734.079 819.257 196.864 
139.069 663.956 110.688 1140.29 
483.357 513.02 579.955 1078.62 
508.387 564.335 667.573 1125.32 
218.799 615.035 238.111 1071.06 
1363.81 342.863 495.759 145.297 
177.715 471.382 167.309 805.681 
142.358 644.808 115.948 1105.02 
290.808 56.4513 82.0994 38.0587 
85.737 709.083 52.8588 814.107 
42.6753 566.214 459.467 169.838 
130.762 579.359 92.914 986.825 
175.73 666.794 170.095 1150.27 
309.835 121.193 367.705 232.204 
139.599 571.556 108.697 974.877 
105.371 636.382 48.4203 1085.63 
64.1625 444.266 819.257 196.864 
235.989 79.2788 244.599 129.773 
42.5956 789.617 403.596 135.347 
539.282 520.938 322.602 947.959 
142.379 473.629 110.316 801.648 
227.074 421.05 245.314 729.452 
44.0731 718.016 819.257 196.864 
255.019 604.384 295.528 1053.18 
77.977 253.729 819.257 196.864 
661.988 354.469 876.374 716.793 
1360.91 586.176 527.497 185.19 
65.7613 423.342 819.257 196.864 
106.512 659.796 57.3742 1124.46 
109.911 654.659 57.3742 1124.46 
635.156 878.219 82.0994 38.0587 
40.9867 755.324 819.257 196.864 
69.2761 306.481 819.257 196.864 
232.786 412.718 253.323 715.407 
1118.58 43.2538 593.528 1368.28 
75.0624 275.96 819.257 196.864 
1107.98 279.138 166.231 674.121 
876.164 884.49 408.024 1392.11 
223.539 466.132 242.96 805.648 
1340.18 99.0466 527.497 185.19 
625.617 434.898 828.992 837.308 
402.446 65.4337 513.547 173.811 
59.6941 502.831 819.257 196.864 
818.377 295.063 819.428 706.909 
242.543 605.233 275.649 1050.15 
188.151 725.843 880.559 651.858 
119.726 385.621 66.7322 640.875 
1385.35 792.018 82.0994 38.0587 
896.334 661.317 248.116 753.035 
170.583 646.209 161.384 1108.5 
106.628 350.889 282.231 876.09 
1369.24 487.416 82.0994 38.0587 
468.402 587.409 616.618 1058.45 
40.941 756.534 819.257 196.864 
588.906 307.878 775.339 624.832 
109.027 408.391 54.0753 678.617 
165.245 86.0941 133.483 116.721 
207.003 646.831 215.26 1118.62 
173.121 406.648 159.618 689.64 
108.25 59.7877 42.5088 40.7117 
141.672 789.659 110.334 1136.36 
87.7536 63.5395 44.6003 48.7362 
1125.07 605.418 899.119 658.273 
585.582 402.954 811.558 801.756 
652.862 438.892 866.004 849.079 
671.015 441.479 890.073 854.912 
215.156 76.6658 216.517 118.406 
242.06 433.463 269.08 752.98 
543.211 876.88 338.628 1442.91 
500.619 416.246 654.344 781.763 
130.932 408.856 90.0051 687.794 
69.1363 352.475 819.257 196.864 
1366.77 211.461 459.467 169.838 
1368.38 800.979 527.497 185.19 
739.608 619.651 265.808 1174.7 
215.712 463.957 230.352 800.349 
1350.28 127.141 819.257 196.864 
120.073 588.971 77.4953 1001.56 
52.8289 394.099 457.984 193.918 
50.8614 525.394 403.596 135.347 
875.464 679.067 275.649 1050.15 
114.129 580.275 437.603 253.411 
146.066 674.372 120.511 1158.58 
253.284 77.728 283.37 155.198 
162.98 401.375 142.817 678.727 
393.684 55.3758 495.759 145.297 
573.924 362.594 756.557 711.349 
1362.93 453.857 819.257 196.864 
118.841 474.217 69.9034 798.428 
1232.66 486.137 927.663 667.568 
665.005 645.878 472.913 296.76 
883.722 604.111 102.747 1086.01 
143.226 637.802 115.95 1093.16 
85.5776 157.191 819.257 196.864 
1096.84 263.723 241.011 820.516 
413.618 69.4972 530.569 193.177 
683.111 441.672 908.039 858.756 
206.755 532.666 216.266 920.392 
701.809 317.929 222.311 831.12 
228.74 438.573 223.712 1148 
1485.5 793.655 819.257 196.864 
133.529 724.499 264.998 1039.61 
74.0658 287.808 819.257 196.864 
77.2459 87.7274 459.467 169.838 
138.552 102.582 175.184 187.988 
949.156 644.525 662.934 1176.09 
1134.46 478.979 63.3945 918.174 
1200.68 706.38 232.121 1041.41 
229.602 820.853 181.829 116.243 
356.935 84.4924 427.86 187.643 
152.59 390.333 126.18 658.637 
903.414 816.784 457.984 193.918 
39.0201 717.693 819.257 196.864 
521.679 59.8095 641.281 1480.34 
617.376 314.494 814.185 642.051 
63.6846 525.553 403.596 135.347 
