   3.8950400e+02   1.5020320e+02   1.0000000e+00   3.0934000e+01   4.4290000e+01   1.0000000e+00
   2.9382064e+02   1.4904650e+02   1.0000000e+00   3.3821920e+01   3.3191344e+02   1.0000000e+00
   2.1042600e+02   2.2500600e+02   1.0000000e+00   2.4469014e+02   5.5777610e+02   1.0000000e+00
   2.1940451e+02   3.7629770e+02   1.0000000e+00   6.9689000e+02   5.2170600e+02   1.0000000e+00
   2.7223000e+02   3.9007000e+02   1.0000000e+00   7.4577800e+02   3.5855800e+02   1.0000000e+00
   3.3242789e+02   3.7065670e+02   1.0000000e+00   6.8166678e+02   1.8114275e+02   1.0000000e+00
   4.0080400e+02   2.6525200e+02   1.0000000e+00   3.5304400e+02   3.5716000e+01   1.0000000e+00
   3.6458000e+02   3.4128000e+02   1.0000000e+00   5.7640000e+02   1.1290000e+02   1.0000000e+00
   4.0107000e+02   1.4597000e+02   1.0000000e+00   1.7500000e+01   8.3600000e+00   1.0000000e+00
   3.0998000e+02   1.4887000e+02   1.0000000e+00   3.3500000e+01   2.9550000e+02   1.0000000e+00
