   7.2230640e+01   7.0332699e+00   1.0000000e+00   7.0406234e+02   2.3025201e+01   1.0000000e+00
   3.8153381e+02   1.2769773e+02   1.0000000e+00   6.2347941e+02   1.9232212e+02   1.0000000e+00
   4.0091755e+02   1.3304907e+02   1.0000000e+00   6.2248971e+02   2.2187193e+02   1.0000000e+00
   5.1094983e+02   3.9730793e+02   1.0000000e+00   2.3102833e+02   1.5464320e+02   1.0000000e+00
   5.5491021e+02   4.0007907e+02   1.0000000e+00   2.4234931e+02   2.4949461e+02   1.0000000e+00
   5.2484075e+02   3.7791018e+02   1.0000000e+00   2.6072963e+02   1.6549244e+02   1.0000000e+00
   5.7324112e+02   3.9427959e+02   1.0000000e+00   2.5668171e+02   2.8137484e+02   1.0000000e+00
   6.2593456e+02   3.6873648e+02   1.0000000e+00   3.0846640e+02   3.7758800e+02   1.0000000e+00
   5.3080967e+02   2.6250362e+02   1.0000000e+00   4.3883019e+02   1.8763759e+02   1.0000000e+00
   7.0439403e+02   3.7446556e+02   1.0000000e+00   3.2110564e+02   5.2744878e+02   1.0000000e+00
   8.8980498e+02   3.5865355e+02   1.0000000e+00   3.4325857e+02   7.3513949e+02   1.0000000e+00
   6.2035391e+02   5.8563419e+02   1.0000000e+00   1.3953961e+01   4.8513439e+02   1.0000000e+00
