32.566000 402.354000 1 17.844000 425.284000 1
66.796000 217.324000 1 35.524000 261.028000 1
325.414000 88.138000 1 369.118000 101.954000 1
580.114000 110.362000 1 538.948000 92.932000 1
762.192000 448.568000 1 726.196960 443.972320 1
203.079904 414.064864 1 112.454368 430.228192 1
415.266000 433.902000 1 416.072000 439.752000 1
135.180000 85.500000 1 70.360000 137.230000 1
358.500000 86.340000 1 396.240000 93.750000 1
127.610000 240.690000 1 66.650000 277.320000 1
119.630000 404.360000 1 57.000000 424.880000 1
324.420000 113.530000 1 370.500000 126.000000 1
