227.222967 453.319542 1 234.145512 469.376912 1
294.584581 324.532406 1 303.752417 328.574933 1
255.415557 288.457591 1 263.284160 290.601433 1
466.074901 307.473140 1 495.043995 318.866576 1
428.477994 160.196886 1 450.456767 158.676617 1
349.763210 175.271062 1 361.239655 175.079949 1
23.433551 179.594275 1 20.430757 179.194674 1
133.472567 267.492478 1 136.125094 271.474075 1
105.519733 415.496548 1 106.506602 426.476484 1
177.579864 193.529130 1 183.409300 193.604900 1
149.511319 134.978993 1 152.969696 132.127739 1
234.508917 101.380713 1 242.248037 98.820471 1
258.487350 200.480149 1 266.435922 200.494145 1
