   5.8326476e+02   4.0022241e+02   1.0000000e+00   6.2650726e+02   4.1494802e+02   1.0000000e+00
   6.6508914e+02   5.3009415e+02   1.0000000e+00   5.6384891e+02   5.4567838e+02   1.0000000e+00
   6.5309664e+02   4.9248076e+02   1.0000000e+00   6.0358695e+02   5.1193435e+02   1.0000000e+00
   5.3152380e+02   6.1652203e+02   1.0000000e+00   9.9091807e+01   5.6135886e+02   1.0000000e+00
   5.0199979e+02   6.0486189e+02   1.0000000e+00   3.7608354e+01   5.3228656e+02   1.0000000e+00
   4.9148583e+02   3.8343743e+02   1.0000000e+00   5.1510024e+02   3.4839914e+02   1.0000000e+00
   2.9059043e+02   3.1157777e+02   1.0000000e+00   2.7291923e+02   1.3753730e+02   1.0000000e+00
   5.0967845e+02   2.2787980e+02   1.0000000e+00   7.6929108e+02   2.8104088e+02   1.0000000e+00
   5.7746848e+02   5.8846117e+02   1.0000000e+00   2.9144766e+02   5.5587423e+02   1.0000000e+00
   3.3428258e+02   1.2356776e+02   1.0000000e+00   6.8742353e+02   1.1374549e+02   1.0000000e+00
