   1.8985738e+02   2.7436260e+02   1.0000000e+00   5.1543565e+02   2.7885475e+02   1.0000000e+00
   4.2625021e+02   9.6380244e+00   1.0000000e+00   8.0465662e+02   9.9750740e+00   1.0000000e+00
   5.1817941e+02   2.9819243e+00   1.0000000e+00   9.1102194e+02   3.0547775e+00   1.0000000e+00
   2.3244775e+02   5.8429558e+01   1.0000000e+00   5.7077015e+02   5.7874216e+01   1.0000000e+00
   8.5895135e+02   8.2534731e+02   1.0000000e+00   9.0570374e+02   8.6509351e+02   1.0000000e+00
   7.9720121e+02   6.4438762e+02   1.0000000e+00   8.5684844e+02   6.7272613e+02   1.0000000e+00
   7.9544536e+02   5.9522375e+02   1.0000000e+00   8.5712715e+02   6.2088667e+02   1.0000000e+00
   1.0658485e+03   3.9613383e+02   1.0000000e+00   1.1924551e+03   4.1596255e+02   1.0000000e+00
   6.1250712e+02   4.5573538e+02   1.0000000e+00   6.9357712e+02   4.7053799e+02   1.0000000e+00
   2.6762350e+02   3.1209430e+02   1.0000000e+00   6.0958320e+02   3.1799521e+02   1.0000000e+00
   8.8934676e+01   3.7440339e+02   1.0000000e+00   4.1027660e+02   3.8007806e+02   1.0000000e+00
   1.2053712e+03   8.4918334e+02   1.0000000e+00   1.2411625e+03   8.9928287e+02   1.0000000e+00
   7.1232009e+02   4.7550781e+02   1.0000000e+00   7.7968588e+02   4.9343708e+02   1.0000000e+00
   5.0696794e+02   6.4988014e+02   1.0000000e+00   5.5927174e+02   6.7183526e+02   1.0000000e+00
