189.857380 274.362596 1 515.435647 278.854752 1
426.250207 9.638024 1 804.656618 9.975074 1
518.179408 2.981924 1 911.021941 3.054777 1
232.447754 58.429558 1 570.770153 57.874216 1
858.951352 825.347312 1 905.703744 865.093515 1
797.201212 644.387624 1 856.848440 672.726129 1
795.445360 595.223752 1 857.127147 620.886672 1
1065.848522 396.133829 1 1192.455143 415.962550 1
612.507118 455.735379 1 693.577119 470.537993 1
267.623499 312.094305 1 609.583198 317.995207 1
88.934676 374.403391 1 410.276601 380.078060 1
1205.371241 849.183341 1 1241.162498 899.282871 1
712.320093 475.507805 1 779.685884 493.437077 1
506.967939 649.880138 1 559.271741 671.835263 1
