   1.5288330e+02   2.2435000e+02   1.0000000e+00   1.1049790e+02   1.6324790e+02   1.0000000e+00
   7.0140210e+02   4.0277710e+02   1.0000000e+00   5.9240000e+02   4.2210000e+02   1.0000000e+00
   3.2273750e+02   1.1340420e+02   1.0000000e+00   3.4396460e+02   1.6710620e+02   1.0000000e+00
   3.6110000e+02   9.0040000e+01   1.0000000e+00   3.3838330e+02   1.0381670e+02   1.0000000e+00
   7.3265208e+02   2.0762708e+02   1.0000000e+00   5.9256250e+02   2.3722083e+02   1.0000000e+00
   4.2437000e+02   4.4870000e+01   1.0000000e+00   4.0417000e+02   9.4660000e+01   1.0000000e+00
   7.7921000e+02   3.0395000e+02   1.0000000e+00   6.3650000e+02   3.8237000e+02   1.0000000e+00
   1.5400000e+02   4.5200000e+02   1.0000000e+00   1.4000000e+02   3.7150000e+02   1.0000000e+00
   5.4215513e+02   1.4068551e+02   1.0000000e+00   4.9255187e+02   2.0465157e+02   1.0000000e+00
   5.2048529e+02   1.2450412e+02   1.0000000e+00   4.8052634e+02   1.9248848e+02   1.0000000e+00
   7.0081079e+02   2.3514366e+02   1.0000000e+00   5.7253231e+02   2.5767421e+02   1.0000000e+00
   3.7327045e+02   4.8280475e+02   1.0000000e+00   3.8657963e+02   4.3525417e+02   1.0000000e+00
   8.7524382e+01   4.3144622e+02   1.0000000e+00   8.6971805e+01   3.5949707e+02   1.0000000e+00
