   9.1111838e+02   4.6902349e+02   1.0000000e+00   1.4785053e+03   6.5225607e+02   1.0000000e+00
   1.3898320e+03   2.9934838e+02   1.0000000e+00   1.8456021e+03   5.1730059e+02   1.0000000e+00
   1.4275697e+03   4.0816465e+02   1.0000000e+00   1.8272809e+03   5.9813592e+02   1.0000000e+00
   1.3945950e+03   3.4954309e+02   1.0000000e+00   1.8443806e+03   5.5460920e+02   1.0000000e+00
   1.8641722e+03   4.7839686e+02   1.0000000e+00   2.2213593e+03   6.5036797e+02   1.0000000e+00
   6.7765384e+02   7.3406886e+02   1.0000000e+00   1.3112000e+03   8.5276937e+02   1.0000000e+00
   7.1223753e+02   1.0297460e+03   1.0000000e+00   1.3601314e+03   1.0749935e+03   1.0000000e+00
   6.2193121e+02   1.3228264e+03   1.0000000e+00   9.7253653e+02   1.2909452e+03   1.0000000e+00
   1.5357897e+03   6.8495056e+02   1.0000000e+00   1.8836428e+03   8.1118988e+02   1.0000000e+00
   1.5830163e+03   1.1885984e+03   1.0000000e+00   1.9367868e+03   1.2071269e+03   1.0000000e+00
