934.188639 247.619151 1 924.768783 232.336968 1
427.053125 464.701042 1 640.169824 831.564681 1
933.135807 778.257161 1 1139.804319 955.858702 1
1148.104167 641.012500 1 1264.624262 721.344314 1
1159.308333 186.858333 1 1231.979167 287.845833 1
1062.590000 786.140000 1 1255.110000 942.740000 1
1415.940000 667.200000 1 1188.900000 267.150000 1
523.750000 164.070000 1 646.110000 464.180000 1
1390.231868 284.468157 1 1423.142698 315.786679 1
110.117023 456.436563 1 205.152182 591.954331 1
147.493901 400.260347 1 280.492576 678.502198 1
1268.485201 715.339759 1 1087.597276 329.903243 1
