   2.7680730e+02   6.5734400e+01   1.0000000e+00   3.8708590e+02   8.9606800e+01   1.0000000e+00
   7.1304700e+01   1.6878910e+02   1.0000000e+00   2.2009380e+02   8.1031200e+01   1.0000000e+00
   3.0357800e+02   6.7020600e+02   1.0000000e+00   9.3057300e+01   6.0678650e+02   1.0000000e+00
   5.3359375e+02   4.0309375e+02   1.0000000e+00   4.1654814e+02   5.7448124e+02   1.0000000e+00
   1.8314323e+02   3.4851823e+02   1.0000000e+00   1.8206510e+02   2.1338281e+02   1.0000000e+00
   3.6511000e+02   4.5990000e+02   1.0000000e+00   2.3426000e+02   3.8385000e+02   1.0000000e+00
   3.8254000e+02   5.9961000e+02   1.0000000e+00   1.9264000e+02   6.1495000e+02   1.0000000e+00
   1.1924199e+02   5.7360636e+02   1.0000000e+00   2.2803758e+01   3.5763809e+02   1.0000000e+00
   9.2941675e+01   5.0807746e+02   1.0000000e+00   4.6877172e+01   3.1034492e+02   1.0000000e+00
   4.9787172e+02   2.4481503e+02   1.0000000e+00   4.6738530e+02   3.9945120e+02   1.0000000e+00
