   3.0750125e+02   6.2144533e+01   1.0000000e+00   2.4948415e+02   4.2217603e+00   1.0000000e+00
   5.8076351e+02   4.9493643e+02   1.0000000e+00   1.8839517e+02   4.7873106e+02   1.0000000e+00
   6.2638001e+02   4.9565669e+02   1.0000000e+00   2.3572504e+02   4.7484325e+02   1.0000000e+00
   6.0273146e+02   5.1990546e+02   1.0000000e+00   2.3082301e+02   5.1389039e+02   1.0000000e+00
   7.6654600e+02   4.6165936e+02   1.0000000e+00   6.2264703e+02   3.5435921e+02   1.0000000e+00
   6.4085514e+02   3.9392450e+02   1.0000000e+00   2.8699611e+02   2.9890339e+02   1.0000000e+00
   3.4254648e+02   1.3853543e+02   1.0000000e+00   1.8157954e+02   8.0169509e+01   1.0000000e+00
   3.7129174e+02   2.7447414e+02   1.0000000e+00   1.7123738e+02   2.2409578e+02   1.0000000e+00
   6.9995849e+02   4.2181043e+02   1.0000000e+00   4.7540872e+02   3.0858940e+02   1.0000000e+00
   6.6947956e+02   2.7043025e+02   1.0000000e+00   3.9555440e+02   6.6044450e+01   1.0000000e+00
   5.3748616e+02   3.8997348e+02   1.0000000e+00   1.7927042e+02   3.3014732e+02   1.0000000e+00
