   2.4128304e+02   4.2619793e+02   1.0000000e+00   5.3243800e+02   2.9560200e+02   1.0000000e+00
   1.8415200e+02   3.2674400e+02   1.0000000e+00   5.2055800e+02   4.9217000e+02   1.0000000e+00
   4.0767400e+02   3.0574600e+02   1.0000000e+00   2.8882200e+02   1.6853800e+02   1.0000000e+00
   3.8585776e+02   1.7564387e+02   1.0000000e+00   2.0743446e+02   2.8926026e+02   1.0000000e+00
   3.0196912e+02   2.3263408e+02   1.0000000e+00   3.1378600e+02   3.6242200e+02   1.0000000e+00
   3.0753400e+02   4.2241000e+02   1.0000000e+00   4.7003200e+02   2.2281600e+02   1.0000000e+00
   3.4476000e+02   2.0829000e+02   1.0000000e+00   2.6007000e+02   3.1989000e+02   1.0000000e+00
   2.0121000e+02   4.7402000e+02   1.0000000e+00   6.3151000e+02   3.3093000e+02   1.0000000e+00
   2.8342000e+02   2.4929000e+02   1.0000000e+00   3.4542000e+02   3.8280000e+02   1.0000000e+00
   4.7138115e+02   1.4048483e+02   1.0000000e+00   1.3004712e+02   2.0364589e+02   1.0000000e+00
   3.4740882e+02   3.7554861e+02   1.0000000e+00   3.9249898e+02   2.0088863e+02   1.0000000e+00
