   2.7179106e+01   3.4000670e+02   1.0000000e+00   1.9690361e+02   9.9235649e+00   1.0000000e+00
   6.1741376e+01   3.9272881e+02   1.0000000e+00   1.6881444e+02   3.6452222e+01   1.0000000e+00
   5.1196955e+01   3.0573733e+02   1.0000000e+00   2.4371889e+02   5.2949035e+01   1.0000000e+00
   2.6337414e+02   2.0881653e+02   1.0000000e+00   3.0942318e+02   2.4905298e+02   1.0000000e+00
   5.7428009e+02   4.5655967e+02   1.0000000e+00   6.7436656e+02   4.9648071e+02   1.0000000e+00
   6.3898697e+02   7.8804392e+01   1.0000000e+00   7.2096636e+02   5.0234820e+02   1.0000000e+00
   4.1128522e+02   4.7833700e+02   1.0000000e+00   2.7478481e+01   3.4363867e+02   1.0000000e+00
   5.1042213e+02   4.6645857e+02   1.0000000e+00   3.8406607e+01   4.4353488e+02   1.0000000e+00
   3.1650143e+02   7.4074932e+01   1.0000000e+00   3.9255551e+02   3.0076779e+02   1.0000000e+00
   3.4327664e+02   9.2260850e+01   1.0000000e+00   3.8354528e+02   3.1958793e+02   1.0000000e+00
