   2.1494254e+03   5.6397840e+02   1.0000000e+00   2.0663378e+03   7.3960648e+02   1.0000000e+00
   1.6457500e+02   9.4145700e+02   1.0000000e+00   8.0834292e+02   1.2381897e+03   1.0000000e+00
   8.3890858e+02   6.3232016e+02   1.0000000e+00   6.0865159e+02   3.0744543e+02   1.0000000e+00
   9.5494416e+02   6.1470762e+02   1.0000000e+00   7.1739341e+02   2.9155180e+02   1.0000000e+00
   2.9200225e+02   1.4322031e+03   1.0000000e+00   1.0028584e+03   1.6509024e+03   1.0000000e+00
   1.3147608e+03   5.7908720e+02   1.0000000e+00   1.6026541e+03   9.8108461e+02   1.0000000e+00
   3.3453821e+02   8.7440176e+02   1.0000000e+00   4.3330508e+02   7.8180564e+02   1.0000000e+00
   1.3931300e+03   3.6756000e+02   1.0000000e+00   1.6510100e+03   8.1962000e+02   1.0000000e+00
   1.6484100e+03   6.6888000e+02   1.0000000e+00   1.8533700e+03   1.0749700e+03   1.0000000e+00
   6.1920000e+02   6.9978000e+02   1.0000000e+00   3.9769000e+02   3.6467000e+02   1.0000000e+00
   1.2260400e+03   4.8762000e+02   1.0000000e+00   1.5212500e+03   8.8834000e+02   1.0000000e+00
   1.5567689e+03   5.9224210e+02   1.0000000e+00   1.7741015e+03   9.9711177e+02   1.0000000e+00
   1.4868855e+03   4.5525493e+02   1.0000000e+00   1.7188058e+03   8.8637960e+02   1.0000000e+00
