451.631617 443.394444 1 150.267085 628.421708 1
708.470944 237.453354 1 894.886214 191.829718 1
727.678771 224.547500 1 963.525642 156.902729 1
633.123029 227.452265 1 708.133381 135.667414 1
559.085110 287.651729 1 661.610736 170.327697 1
471.769569 358.881677 1 459.579103 295.962551 1
500.347696 416.225874 1 308.986602 563.537327 1
373.283889 420.328383 1 150.741248 442.488104 1
455.985063 411.958785 1 401.947733 425.432699 1
346.016187 259.971574 1 81.224262 58.702068 1
691.465659 437.433377 1 717.207305 719.828114 1
723.584984 345.769620 1 935.641223 453.489378 1
398.418171 493.393713 1 140.841729 654.670817 1
