19.224447 83.184998 1 65.249489 407.072479 1 0
24.745432 103.510712 1 236.549179 343.884216 1 0
45.891579 41.145973 1 572.121155 430.580597 1 0
50.226570 375.722076 1 21.845200 66.966400 1 0
49.963257 463.107300 1 626.610168 343.958435 1 0
57.324047 97.184151 1 354.357849 110.740044 1 1
75.833267 418.561951 1 34.509274 95.032578 1 0
79.260567 297.723419 1 319.189850 318.488434 1 1
83.885193 316.232758 1 619.815186 129.783371 1 0
88.222977 425.118134 1 34.509274 95.032578 1 0
88.254982 292.566650 1 332.420563 318.136353 1 1
97.095665 272.317657 1 351.419922 300.044830 1 1
98.317627 376.660706 1 633.324341 202.328583 1 0
99.345726 75.708000 1 408.087524 92.192146 1 1
109.428368 304.107117 1 358.589691 335.814331 1 1
110.025223 423.331482 1 307.699463 188.731247 1 0
113.789360 104.070877 1 422.892517 123.810394 1 1
117.520554 307.937134 1 366.811432 340.304840 1 1
118.384964 381.529846 1 176.538818 321.933563 1 0
125.206612 321.163422 1 373.806732 355.750824 1 1
134.107452 193.035782 1 421.203705 223.724609 1 1
140.401093 230.484543 1 515.136658 473.886597 1 0
161.216751 214.084091 1 316.344910 412.429810 1 0
161.948929 39.607044 1 556.961304 341.157013 1 0
166.742676 87.936958 1 469.169006 108.132271 1 1
173.925720 296.809113 1 452.288666 345.054657 1 1
176.519073 277.512238 1 453.933411 321.743744 1 1
179.122147 53.347431 1 480.856689 69.999710 1 1
179.484985 209.804520 1 479.633179 421.201569 1 0
181.941879 267.914307 1 455.692871 310.797913 1 1
185.160110 208.454391 1 459.171692 242.743378 1 1
187.069473 253.411911 1 458.612305 291.461395 1 1
192.915085 218.205032 1 463.953674 253.485138 1 1
198.805389 249.141602 1 196.381027 396.856537 1 0
199.718323 235.861679 1 465.412354 272.285278 1 1
212.018982 154.757751 1 491.775116 183.901932 1 1
212.542496 56.846268 1 513.968262 75.223442 1 1
217.256210 238.016068 1 485.745697 277.770721 1 1
229.672775 385.880035 1 283.702332 290.060699 1 0
232.480591 182.060272 1 132.866882 461.804291 1 0
236.959915 248.674667 1 514.355652 294.124908 1 1
241.950363 450.557098 1 456.737610 301.852753 1 0
244.830719 49.342350 1 539.893433 68.255951 1 1
244.639847 196.440186 1 509.896576 230.674622 1 1
244.639847 196.440186 1 509.896576 230.674622 1 1
247.558136 183.210342 1 343.968536 451.166229 1 0
249.042908 421.010590 1 518.459595 188.125519 1 0
254.567200 103.471313 1 537.482544 128.820419 1 1
254.567200 103.471313 1 537.482544 128.820419 1 1
254.666733 109.955673 1 536.267029 135.237015 1 1
254.666733 109.955673 1 536.267029 135.237015 1 1
266.317017 178.005966 1 531.137024 210.970474 1 1
267.998779 253.735504 1 235.325363 424.916840 1 0
267.998779 253.735504 1 306.723969 449.814606 1 0
269.045410 194.912354 1 529.623047 230.653122 1 1
271.109283 143.057434 1 542.432007 173.530380 1 1
273.241638 178.939606 1 536.405640 212.725006 1 1
281.505585 28.300320 1 614.949280 391.811249 1 0
286.747070 338.818512 1 626.382751 201.017914 1 0
297.941772 194.069427 1 564.400818 232.757217 1 1
301.855988 84.488274 1 577.644226 347.476135 1 0
301.689148 320.088165 1 626.130127 94.539345 1 0
307.977722 461.138062 1 326.782928 279.326691 1 0
310.884247 319.458496 1 211.377640 177.547012 1 0
312.884247 324.607941 1 205.133606 223.513672 1 0
312.714264 457.282043 1 576.946960 245.100433 1 0
315.185669 463.649750 1 498.929138 192.239990 1 0
319.491211 194.991699 1 506.606171 392.722687 1 0
326.086365 457.334198 1 456.737610 301.852753 1 0
327.832550 160.064896 1 199.912811 304.250610 1 0
335.810181 29.514500 1 56.704620 226.431030 1 0
351.999390 452.163605 1 430.085236 160.692352 1 0
353.955200 108.778305 1 62.458794 189.808685 1 0
359.659210 369.706940 1 205.133606 223.513672 1 0
363.191071 381.098450 1 610.665527 462.603668 1 0
370.070984 101.924835 1 264.984070 276.422028 1 0
373.276123 416.836731 1 352.999451 225.862518 1 0
377.421082 349.554901 1 71.136337 10.541860 1 0
433.598206 44.958210 1 610.665527 462.603668 1 0
438.044830 88.112534 1 459.408081 439.742218 1 0
439.323334 113.059624 1 62.458794 189.808685 1 0
449.276337 278.596527 1 66.807304 210.201584 1 0
458.834778 302.201355 1 66.959023 72.500595 1 0
463.832214 466.223236 1 259.673126 287.522736 1 0
478.676270 288.637848 1 300.565704 211.239883 1 0
481.585480 315.583954 1 490.898407 439.642395 1 0
517.204163 419.736053 1 333.110352 253.290207 1 0
520.979065 184.818146 1 113.051369 336.827057 1 0
525.319702 100.086098 1 276.767181 417.649841 1 0
528.381714 48.085114 1 598.019958 344.774048 1 0
530.345032 308.152130 1 106.288216 183.012726 1 0
535.491150 89.127678 1 330.177795 259.897461 1 0
536.564270 12.743724 1 14.393267 396.150024 1 0
536.476929 6.449200 1 9.572927 356.483185 1 0
537.744019 356.596283 1 399.371216 452.685944 1 0
549.290955 211.281525 1 136.105148 351.014160 1 0
551.090576 263.494110 1 300.565704 211.239883 1 0
553.138855 44.360889 1 543.638184 403.804657 1 0
552.144897 394.915070 1 106.288216 183.012726 1 0
559.596863 117.031731 1 264.984070 276.422028 1 0
561.858887 298.583832 1 292.344482 218.037338 1 0
564.119080 326.273865 1 44.649532 436.351288 1 0
566.060425 46.780697 1 571.715637 448.073486 1 0
587.723572 289.571594 1 187.203415 251.735641 1 0
587.590698 321.266205 1 607.981018 203.299957 1 0
606.071533 426.340485 1 27.318466 454.405731 1 0
620.613892 306.989227 1 300.565704 211.239883 1 0
622.309570 100.523567 1 40.255932 416.124451 1 0
626.094360 341.634521 1 27.349726 388.108826 1 0
630.013550 335.822784 1 124.183838 202.251053 1 0
630.967529 349.400726 1 292.344482 218.037338 1 0
11.142485 105.037743 1 14.727568 30.638868 1 0
14.373425 239.318909 1 50.416309 377.799408 1 0
22.964123 340.183685 1 273.091461 266.520752 1 0
26.974213 407.552765 1 34.509274 95.032578 1 0
27.814697 251.826492 1 571.715637 448.073486 1 0
32.557705 367.774567 1 196.204254 282.735809 1 0
43.666000 435.939148 1 137.564041 312.349976 1 0
56.765011 348.721375 1 285.497223 160.829178 1 0
67.502625 24.260750 1 116.763298 322.893707 1 0
93.667419 177.499954 1 381.093689 202.926437 1 1
100.623802 251.912125 1 366.616852 281.659485 1 1
103.508270 269.819672 1 359.952820 298.421295 1 1
117.239868 147.094940 1 124.562103 406.099976 1 0
120.162910 107.987694 1 427.845947 127.859207 1 1
122.717247 439.661926 1 52.174896 67.010880 1 0
134.699692 56.623920 1 168.653961 240.478577 1 0
135.349701 279.910065 1 401.889130 317.397705 1 1
147.024918 247.649261 1 419.648865 283.239838 1 1
153.240784 21.334894 1 575.833557 365.680176 1 0
157.967072 338.165527 1 414.548340 381.039917 1 1
165.357590 259.180328 1 435.542694 297.856537 1 1
164.953796 292.713989 1 439.565369 338.138367 1 1
164.953796 292.713989 1 439.565369 338.138367 1 1
184.184586 112.868423 1 478.169006 136.781143 1 1
184.946579 221.031418 1 456.345947 255.309067 1 1
190.971115 133.683365 1 479.757751 159.673996 1 1
193.009109 211.467743 1 465.094604 245.223984 1 1
199.496796 281.258789 1 479.654968 329.763977 1 1
203.213593 299.719360 1 479.724365 350.106873 1 1
203.237793 45.344650 1 501.715485 60.587673 1 1
203.807968 60.818066 1 505.486877 78.951782 1 1
206.391220 320.990143 1 476.705475 372.789154 1 1
209.471970 193.816452 1 481.699066 226.040375 1 1
209.546432 330.267487 1 476.609528 382.503296 1 1
218.293365 41.446251 1 515.636963 57.408760 1 1
221.095444 183.719513 1 493.124298 215.551682 1 1
225.339859 444.739105 1 456.737610 301.852753 1 0
236.096451 342.634705 1 249.105667 90.510025 1 0
237.976959 218.882645 1 503.119629 256.856369 1 1
247.754471 442.344177 1 466.435364 63.560997 1 0
252.878632 66.422508 1 543.616333 88.837669 1 1
253.999023 458.290741 1 376.842529 302.111115 1 0
260.068542 215.192215 1 527.799133 254.146866 1 1
264.091187 368.228912 1 42.308613 220.146194 1 0
265.567566 72.225349 1 552.992676 93.507515 1 1
269.776459 241.413498 1 545.817322 287.741608 1 1
274.465973 361.275604 1 84.803093 280.776031 1 0
285.506714 418.727814 1 283.702332 290.060699 1 0
306.552399 53.102516 1 39.750023 388.445709 1 0
306.954376 403.392914 1 307.699463 188.731247 1 0
315.276672 9.676948 1 165.173523 203.592789 1 0
317.390625 257.464203 1 578.899292 304.599548 1 1
325.147491 104.425995 1 62.458794 189.808685 1 0
331.399384 279.480988 1 178.713455 38.651146 1 0
331.838257 423.581787 1 297.005615 254.993011 1 0
354.412292 49.804462 1 43.324348 405.430573 1 0
354.412292 49.804462 1 134.850601 450.443756 1 0
359.953674 362.506256 1 211.377640 177.547012 1 0
360.744690 341.043396 1 44.649532 436.351288 1 0
365.740997 264.893402 1 207.590027 165.425339 1 0
393.405060 355.119293 1 85.168976 45.229778 1 0
400.184479 358.796967 1 61.520866 25.093012 1 0
410.593231 292.900513 1 254.335922 237.257629 1 0
412.304810 84.387573 1 340.485657 440.639740 1 0
420.113190 457.887451 1 202.654694 384.968811 1 0
451.876129 336.300446 1 85.168976 45.229778 1 0
462.958710 458.822876 1 602.545776 205.736954 1 0
488.594055 406.275116 1 27.349726 388.108826 1 0
488.638214 322.902771 1 21.845200 66.966400 1 0
494.585846 220.306061 1 91.179291 313.133301 1 0
495.283905 297.655121 1 58.107983 349.503082 1 0
498.067352 352.680115 1 207.590027 165.425339 1 0
500.992615 225.245438 1 89.444977 297.903320 1 0
501.931519 189.877106 1 48.112785 289.086639 1 0
533.953918 74.979080 1 162.122253 471.987732 1 0
548.108826 27.291632 1 565.657532 407.190796 1 0
555.582458 100.261711 1 202.654694 384.968811 1 0
555.582458 100.261711 1 239.043991 403.808289 1 0
570.161865 342.209930 1 399.371216 452.685944 1 0
576.198364 285.242493 1 254.335922 237.257629 1 0
577.727234 301.863495 1 261.819275 201.610947 1 0
584.474304 295.864624 1 109.570122 357.037231 1 0
588.137512 52.181355 1 113.051369 336.827057 1 0
598.104675 342.295593 1 165.173523 203.592789 1 0
597.699951 369.531464 1 588.843811 194.867950 1 0
600.890930 58.228630 1 21.845200 66.966400 1 0
601.381348 466.884369 1 607.981018 203.299957 1 0
611.718323 89.171608 1 18.615099 374.001953 1 0
624.333008 375.954803 1 186.924973 295.663116 1 0
51.425247 93.906212 1 248.485123 344.072449 1 0
58.346554 166.033279 1 209.138855 392.008514 1 0
73.274887 268.283905 1 319.600800 291.647034 1 1
73.274887 268.283905 1 319.600800 291.647034 1 1
76.042435 210.132202 1 207.626984 80.318718 1 0
80.094635 296.648956 1 319.189850 318.488434 1 1
86.978371 319.438629 1 605.304077 129.774597 1 0
89.158646 455.888428 1 614.949280 391.811249 1 0
109.757561 311.928101 1 355.185333 342.869720 1 1
113.912758 10.825576 1 8.439029 328.442657 1 0
116.641190 147.102814 1 276.767181 417.649841 1 0
120.637184 289.310822 1 378.519135 323.125031 1 1
130.962753 135.446060 1 430.085236 160.692352 1 1
133.379578 400.595428 1 84.803093 280.776031 1 0
152.344070 232.982880 1 427.481659 267.317169 1 1
152.309158 287.860748 1 425.295837 330.665527 1 1
152.309158 287.860748 1 425.295837 330.665527 1 1
153.161850 58.024757 1 458.170898 73.123093 1 1
166.058685 277.337921 1 440.958466 318.990143 1 1
184.268799 261.332733 1 456.737610 301.852753 1 1
184.268799 261.332733 1 456.737610 301.852753 1 1
187.477844 111.317009 1 481.939941 135.295090 1 1
188.899063 251.528824 1 458.612305 291.461395 1 1
197.713577 316.119720 1 470.587158 368.006256 1 1
216.753036 366.389221 1 178.741699 94.171211 1 0
219.159683 219.022568 1 247.584579 119.036530 1 0
224.242996 173.931122 1 498.173279 205.542908 1 1
226.089569 160.683151 1 502.677338 190.185501 1 1
233.679840 164.666992 1 507.454193 195.877579 1 1
238.962219 86.321342 1 528.484985 108.921417 1 1
252.433731 334.625854 1 249.105667 90.510025 1 0
254.175430 200.733200 1 517.385437 236.159515 1 1
258.529175 54.905468 1 550.882080 75.752304 1 1
269.225433 232.457855 1 543.835083 277.879242 1 1
274.814148 170.558792 1 539.287781 203.897766 1 1
279.276825 191.012146 1 541.725952 226.914703 1 1
280.556458 279.849091 1 543.991882 329.078186 1 1
285.188416 248.286652 1 555.653809 296.150482 1 1
295.742798 379.221985 1 223.366531 471.438843 1 0
300.335358 367.730316 1 34.509274 95.032578 1 0
300.597168 435.148651 1 351.419922 300.044830 1 0
302.841675 236.547256 1 571.701660 284.565277 1 1
305.553558 220.856247 1 577.891235 265.806885 1 1
306.331329 471.482574 1 196.381027 396.856537 1 0
307.800232 328.078644 1 588.843811 194.867950 1 0
310.873993 82.928886 1 606.816772 282.882233 1 0
312.770386 251.042343 1 577.481934 296.501068 1 1
315.544556 461.347382 1 354.228912 51.900379 1 0
319.387573 200.939865 1 591.545532 244.026566 1 1
322.546997 238.527481 1 586.143982 285.594666 1 1
354.345917 186.300079 1 48.112785 289.086639 1 0
359.039337 418.710297 1 163.654602 91.905579 1 0
386.332855 462.159851 1 598.971802 315.913086 1 0
387.133484 324.613617 1 21.845200 66.966400 1 0
397.958649 407.736145 1 91.609322 92.611000 1 0
423.811371 315.569855 1 93.789955 238.399597 1 0
433.674957 33.478867 1 84.803093 280.776031 1 0
444.350708 221.939301 1 58.107983 349.503082 1 0
449.290192 433.402557 1 58.128468 402.630127 1 0
475.309875 418.259308 1 91.609322 92.611000 1 0
493.830444 204.781219 1 48.112785 289.086639 1 0
506.772552 389.164246 1 199.652664 329.359039 1 0
510.733398 65.032936 1 124.006821 366.317902 1 0
532.543579 433.983002 1 250.279114 313.128540 1 0
535.705322 286.651367 1 588.843811 194.867950 1 0
536.287842 390.027710 1 261.060120 33.925941 1 0
539.203552 41.161259 1 50.416309 377.799408 1 0
539.286743 366.963257 1 45.167046 228.237823 1 0
542.159668 416.917938 1 33.990696 404.458893 1 0
544.874329 87.200584 1 43.324348 405.430573 1 0
549.377380 73.060966 1 27.112665 123.060173 1 0
551.119568 371.857513 1 94.068474 192.005432 1 0
560.195984 262.511536 1 99.030907 303.565735 1 0
572.501648 28.456882 1 236.480423 235.562164 1 0
582.261902 425.434082 1 207.590027 165.425339 1 0
590.448120 60.642178 1 111.254311 295.083588 1 0
611.109497 24.423285 1 24.919189 80.016739 1 0
611.749817 422.727997 1 43.482460 250.980545 1 0
48.759075 77.480530 1 343.663300 87.575783 1 1
70.469147 229.081146 1 316.344910 412.429810 1 0
78.922447 416.681000 1 93.789955 238.399597 1 0
100.489754 306.348328 1 343.495941 334.696747 1 1
141.002457 271.645142 1 408.589874 307.606232 1 1
143.924194 222.023575 1 422.064972 258.183319 1 1
156.052521 277.766266 1 428.342407 317.836853 1 1
164.262085 129.176224 1 457.684296 154.730743 1 1
167.184921 191.629517 1 449.110352 222.159988 1 1
175.090561 108.742889 1 472.738953 130.392090 1 1
175.090561 108.742889 1 472.738953 130.392090 1 1
174.297821 285.339996 1 453.452850 331.711426 1 1
182.270660 62.632835 1 487.846680 79.293701 1 1
186.073837 279.272736 1 466.426239 326.420502 1 1
207.221664 169.894043 1 485.189758 200.083008 1 1
218.803436 91.278152 1 510.410095 113.883904 1 1
245.643005 157.025101 1 518.459595 188.125519 1 1
246.384598 206.643784 1 510.390594 241.840591 1 1
247.523224 218.688782 1 513.292542 258.665131 1 1
251.280914 273.458130 1 522.502869 323.170288 1 1
283.209106 226.840179 1 558.907043 270.997467 1 1
76.955276 257.476624 1 326.782928 279.326691 1 1
76.955276 257.476624 1 326.782928 279.326691 1 1
99.442650 146.754196 1 398.038116 171.536362 1 1
106.069489 227.362564 1 380.656647 258.734802 1 1
106.069489 227.362564 1 380.656647 258.734802 1 1
117.771072 275.853119 1 375.904266 306.349792 1 1
142.968842 166.049652 1 432.458923 194.619934 1 1
162.480484 102.680511 1 462.678833 124.838188 1 1
165.308914 234.650482 1 436.718994 270.931580 1 1
181.335953 181.702194 1 462.113464 211.591400 1 1
185.733231 194.742096 1 461.682800 227.389923 1 1
187.817444 99.699509 1 482.006470 123.323708 1 1
221.973938 161.596375 1 498.929138 192.239990 1 1
321.444550 218.384644 1 589.870178 264.948029 1 1
111.353256 256.755493 1 379.929474 288.903503 1 1
111.353256 256.755493 1 379.929474 288.903503 1 1
130.036240 316.933350 1 383.801392 354.135773 1 1
136.287445 77.058075 1 447.135864 93.310402 1 1
141.651978 248.605240 1 416.159119 283.620819 1 1
161.784790 249.800507 1 431.147003 283.830841 1 1
276.211731 204.857300 1 540.156616 241.837021 1 1
183.816406 170.858154 1 467.039917 197.234009 1 1
234.666840 145.392593 1 513.959778 173.836639 1 1
264.937805 187.115005 1 529.558960 221.215607 1 1
263.953949 289.993408 1 530.148804 339.573547 1 1
86.557854 286.260864 1 326.722748 307.147705 1 1
204.997787 256.934830 1 481.548584 298.890991 1 1
267.090485 69.468048 1 554.846680 90.521187 1 1
140.805405 118.411613 1 442.639008 142.519440 1 1
202.027328 187.406967 1 479.634674 216.914200 1 1
231.515854 68.093689 1 526.396484 86.608620 1 1
