7.750466 143.589340 1 279.074463 88.911743 1 0
23.311563 359.911194 1 26.847956 119.457382 1 0
69.494148 259.106293 1 487.165924 184.117889 1 1
73.974731 369.243378 1 493.023865 299.499237 1 0
78.193077 230.500519 1 402.029633 93.285133 1 0
83.970146 139.906479 1 531.121155 95.530930 1 1
85.226196 145.713501 1 530.490784 100.918488 1 1
97.938126 250.605515 1 511.325256 192.604919 1 1
113.519585 179.307709 1 547.122253 140.432556 1 1
113.519585 179.307709 1 498.470764 56.709763 1 0
114.392097 242.400940 1 527.987000 194.842072 1 1
119.168480 151.833252 1 562.734192 117.381958 1 1
119.168480 151.833252 1 562.734192 117.381958 1 1
136.524017 171.552002 1 574.961792 143.467239 1 1
137.023132 131.314529 1 590.656677 103.882545 1 1
139.121475 165.785034 1 580.520020 139.374573 1 1
138.996094 228.031540 1 557.213379 197.172165 1 1
144.192474 200.958328 1 572.928101 175.634003 1 1
149.203629 211.344193 1 574.682190 188.602310 1 1
149.203629 211.344193 1 574.682190 188.602310 1 1
150.931686 11.939366 1 424.615265 157.969482 1 0
151.755753 117.484444 1 420.128113 223.589111 1 0
152.133423 227.666306 1 573.022644 205.838943 1 1
163.113205 227.205490 1 279.074463 88.911743 1 0
165.188339 344.058807 1 491.188599 26.584160 1 0
172.491348 207.500687 1 386.024231 314.124847 1 0
178.750214 56.405987 1 67.526344 400.222046 1 0
180.247940 187.919434 1 400.579529 263.416748 1 0
196.954315 250.957657 1 284.981171 149.038742 1 2
199.149582 234.486588 1 280.051575 186.220322 1 2
208.495346 354.179535 1 23.333906 359.644318 1 0
219.829529 277.880127 1 462.910065 138.953537 1 0
225.951981 126.647110 1 310.747375 81.841972 1 2
227.192230 105.362190 1 313.217957 59.986858 1 2
245.991943 225.810226 1 317.052460 177.530807 1 2
260.586548 205.422592 1 332.427948 157.932373 1 2
268.162903 393.415863 1 548.586670 395.159119 1 0
279.493378 174.750595 1 350.939514 127.623558 1 2
285.498169 128.474121 1 361.186951 82.000435 1 2
289.892303 327.481537 1 228.874176 354.114563 1 0
294.250092 120.662453 1 371.177917 75.051643 1 2
319.917267 106.562515 1 401.714233 63.528000 1 2
326.418671 142.790268 1 405.346466 100.167885 1 2
327.328369 241.905823 1 392.110504 192.638306 1 2
331.657043 464.665710 1 620.515137 12.949756 1 0
346.838196 193.664169 1 422.791718 150.725418 1 2
346.838196 193.664169 1 277.069122 223.550659 1 0
350.129700 256.168640 1 413.942078 206.640640 1 2
357.007721 315.754883 1 228.874176 354.114563 1 0
362.576294 103.189850 1 449.872803 64.510757 1 2
362.576294 103.189850 1 449.872803 64.510757 1 2
369.796906 220.378067 1 278.980072 96.984985 1 0
382.694061 124.510323 1 462.910065 138.953537 1 0
418.185272 317.101959 1 127.254066 332.710693 1 3
418.185272 317.101959 1 127.254066 332.710693 1 3
434.991119 252.192764 1 88.375839 263.371613 1 3
437.710724 233.320786 1 86.668678 242.291580 1 3
444.088043 236.760315 1 95.776848 239.821716 1 3
466.657227 104.690445 1 460.974976 23.561890 1 0
468.830536 86.454872 1 465.202942 8.885121 1 0
475.780792 351.316284 1 206.715042 300.748322 1 3
503.616608 412.805359 1 446.483398 353.912994 1 0
508.949554 224.998413 1 535.966614 94.412460 1 0
511.500275 308.179077 1 152.112930 301.667877 1 0
511.965118 332.655731 1 388.168518 149.461288 1 0
555.573181 380.996643 1 491.188599 26.584160 1 0
558.892212 370.048065 1 491.188599 26.584160 1 0
564.432190 342.554443 1 482.921173 273.036346 1 0
580.553101 146.219650 1 568.350159 14.547894 1 0
582.168030 458.018188 1 623.259949 380.972961 1 0
586.537903 253.314346 1 98.644638 81.940399 1 0
588.280579 212.960632 1 222.011383 358.031433 1 0
596.920837 370.652313 1 94.338150 185.308868 1 0
598.701233 393.724976 1 183.130646 281.945312 1 3
627.141174 436.011627 1 300.614838 139.626892 1 0
632.109070 449.042297 1 145.223007 150.146835 1 0
7.616894 240.107071 1 24.167009 253.028290 1 0
76.434692 161.023315 1 518.489197 111.436760 1 1
77.967651 131.365509 1 527.457458 86.194725 1 1
77.967651 131.365509 1 527.457458 86.194725 1 1
88.961151 191.098358 1 176.745804 206.974838 1 0
88.961151 191.098358 1 520.751099 140.403900 1 1
96.234207 332.876373 1 447.448578 253.004074 1 1
98.002190 222.144608 1 519.605774 169.772720 1 1
99.252533 239.649643 1 515.575562 184.162415 1 1
110.205269 213.545502 1 533.312317 168.802994 1 1
114.394524 187.576050 1 545.549255 147.998047 1 1
114.772202 154.621063 1 556.506653 118.614738 1 1
135.914780 192.209396 1 566.935425 162.718063 1 1
136.713440 220.131134 1 557.944153 189.050705 1 1
138.057632 177.967514 1 574.928223 149.627777 1 1
143.960861 192.337708 1 576.033203 167.327927 1 1
143.960861 192.337708 1 576.033203 167.327927 1 1
171.911667 207.878220 1 386.024231 314.124847 1 0
172.941910 273.569153 1 93.938896 390.995911 1 0
182.385345 84.464760 1 631.978210 193.915192 1 0
187.249496 303.956451 1 494.248444 269.662048 1 1
196.886993 299.101715 1 506.460815 274.564056 1 1
199.566589 193.965515 1 284.981171 149.038742 1 2
218.686905 184.797928 1 300.614838 139.626892 1 2
219.440033 121.507843 1 304.790802 76.424591 1 2
223.860718 133.005722 1 308.729279 88.175507 1 2
226.053284 237.656219 1 299.419922 188.944244 1 2
232.783401 239.248840 1 304.492188 189.931412 1 2
243.257156 122.861542 1 325.458069 77.097961 1 2
248.959732 173.212082 1 326.759430 126.173920 1 2
251.107697 298.105988 1 330.360565 249.185974 1 2
280.776520 110.504639 1 357.910217 63.212032 1 2
282.846863 323.504181 1 47.206207 384.891174 1 0
284.360901 201.464111 1 352.373962 153.304398 1 2
285.112549 173.146240 1 357.136871 126.759552 1 2
285.112549 173.146240 1 357.136871 126.759552 1 2
287.347015 119.001465 1 363.679016 72.754677 1 2
295.874268 322.435852 1 47.206207 384.891174 1 0
318.803650 119.804871 1 399.232880 76.606682 1 2
322.726624 136.567886 1 402.029633 93.285133 1 2
349.114319 249.030716 1 414.145447 200.385300 1 2
416.252258 230.719345 1 52.627899 257.271851 1 3
426.434875 233.622635 1 68.715462 252.525757 1 3
434.593597 197.533997 1 449.011078 125.041161 1 0
437.668762 227.238739 1 85.269493 234.329575 1 3
437.668762 227.238739 1 85.269493 234.329575 1 3
465.972961 80.053185 1 465.202942 8.885121 1 0
469.114716 183.459244 1 322.386261 424.541870 1 0
470.689453 361.241150 1 47.176094 341.831146 1 0
473.371613 265.919952 1 137.984131 246.471497 1 3
491.767029 264.478119 1 150.971054 233.560226 1 3
496.647125 257.278839 1 153.831024 226.221024 1 3
502.300842 394.285858 1 260.065796 299.681213 1 3
513.986877 325.596313 1 179.911835 269.441406 1 3
521.455750 370.062347 1 10.841413 307.192627 1 0
545.240845 69.580566 1 337.920898 167.596313 1 0
551.467529 375.554443 1 78.350601 345.376831 1 3
560.590332 376.413300 1 78.350601 345.376831 1 3
560.700500 376.458038 1 78.350601 345.376831 1 3
565.026611 401.382812 1 474.935577 91.628319 1 0
588.005005 71.658005 1 55.967373 426.123169 1 0
590.110596 400.963318 1 100.902596 340.333282 1 3
591.950134 238.202942 1 259.135651 289.917603 1 0
609.718628 112.075378 1 619.784912 40.757896 1 0
626.207825 351.681427 1 417.050049 173.172241 1 0
631.942871 153.112274 1 385.783020 353.642303 1 0
33.447235 194.570541 1 478.735840 123.372925 1 1
39.200020 155.222061 1 491.475006 96.836960 1 1
48.487053 205.585678 1 485.390594 136.038300 1 1
51.276321 147.802155 1 502.103577 93.755569 1 1
56.369576 353.003387 1 471.734100 283.411530 1 1
64.726227 165.095016 1 508.010529 110.964569 1 1
64.726227 165.095016 1 508.010529 110.964569 1 1
65.599152 238.674606 1 490.066040 167.588608 1 1
73.323586 186.273666 1 509.142670 130.569290 1 1
84.098488 164.026535 1 524.468872 115.987617 1 1
92.536964 138.820572 1 539.298767 96.830101 1 1
96.262367 203.797134 1 523.335876 154.107605 1 1
101.747978 297.860992 1 371.858582 228.647110 1 0
117.956642 258.710266 1 525.765991 210.143158 1 1
127.292519 149.217621 1 572.607300 118.011917 1 1
130.442551 251.611618 1 540.193420 212.306198 1 1
140.182907 447.443024 1 391.756287 426.905945 1 0
145.819824 11.150803 1 430.586578 194.614899 1 0
156.873840 347.284576 1 605.446960 160.584732 1 0
164.505859 229.673889 1 279.074463 88.911743 1 0
174.009476 414.268372 1 36.940536 117.591942 1 0
201.209885 102.069489 1 84.483429 405.623566 1 0
219.059265 121.316315 1 304.790802 76.424591 1 2
218.185867 139.395798 1 303.507294 94.525826 1 2
218.594070 221.573715 1 601.183228 213.333298 1 0
243.923218 166.831543 1 322.560394 121.186646 1 2
247.901382 185.968674 1 324.761383 139.496735 1 2
247.901382 185.968674 1 324.761383 139.496735 1 2
248.754898 114.328110 1 329.599884 68.542641 1 2
252.545532 193.728363 1 327.791321 146.955933 1 2
259.251160 143.730759 1 336.859924 97.341057 1 2
293.557648 134.247650 1 369.854706 88.474579 1 2
310.508209 142.298447 1 387.435699 98.238441 1 2
314.460327 153.082565 1 390.945587 109.092537 1 2
321.144714 128.839157 1 401.268219 86.300606 1 2
332.667053 122.808525 1 414.468811 80.851562 1 2
335.954071 132.784866 1 417.105774 90.969933 1 2
335.954071 132.784866 1 417.105774 90.969933 1 2
342.056915 160.622879 1 420.903107 118.894386 1 2
349.377533 428.071289 1 500.872986 412.870117 1 0
382.812439 206.766052 1 359.667114 346.060455 1 0
399.106476 217.313675 1 279.074463 88.911743 1 0
433.684845 196.947647 1 449.011078 125.041161 1 0
446.546631 369.571503 1 244.301208 128.266479 1 0
458.824219 162.124329 1 252.750717 257.384613 1 0
458.874817 261.035828 1 120.468925 252.653900 1 3
522.501221 286.298157 1 176.952820 233.998947 1 3
522.454102 382.734131 1 620.802307 276.965332 1 0
549.511780 327.688843 1 80.401031 308.236206 1 0
549.944824 401.717865 1 200.451691 336.914612 1 3
577.801880 31.899466 1 346.419434 305.940033 1 0
609.425354 128.878632 1 46.227104 409.932037 1 0
13.356481 155.224899 1 474.935577 91.628319 1 1
35.574276 170.580551 1 485.273468 106.534203 1 1
39.225021 154.457642 1 491.475006 96.836960 1 1
41.556038 375.972321 1 337.773560 425.675110 1 0
47.312176 205.381119 1 485.390594 136.038300 1 1
65.568672 238.851669 1 490.066040 167.588608 1 1
65.568672 238.851669 1 490.066040 167.588608 1 1
73.134445 172.805283 1 512.688293 119.837410 1 1
77.562889 264.642426 1 490.384369 192.799149 1 1
97.603554 154.097031 1 539.178406 111.845871 1 1
108.528877 167.500000 1 546.313049 127.908333 1 1
126.627380 177.515549 1 564.864197 146.854584 1 1
157.481979 298.376709 1 484.394775 246.656342 1 1
165.683578 231.900528 1 460.745636 152.201904 1 0
176.061386 338.468048 1 471.734100 283.411530 1 1
199.083893 320.593719 1 98.644638 81.940399 1 0
201.712143 101.304756 1 84.483429 405.623566 1 0
212.153168 234.350037 1 289.707214 186.309555 1 2
219.376541 220.971298 1 601.183228 213.333298 1 0
225.914703 115.072777 1 311.161774 69.761894 1 2
278.239807 330.336395 1 23.333906 359.644318 1 0
293.528656 332.710480 1 23.333906 359.644318 1 0
326.053925 220.553680 1 395.145905 173.985596 1 2
346.475128 116.654907 1 202.436203 280.187561 1 0
346.475128 116.654907 1 99.548325 385.535370 1 0
347.008484 200.581268 1 424.615265 157.969482 1 2
346.730042 390.591095 1 389.307678 364.087219 1 0
350.012756 353.093414 1 67.526344 400.222046 1 0
350.424225 96.376175 1 438.083038 57.101357 1 0
374.282166 280.151001 1 438.661346 211.170517 1 0
384.223602 197.825150 1 359.667114 346.060455 1 0
406.989136 459.344299 1 475.670227 387.041473 1 0
430.054779 194.398468 1 449.011078 125.041161 1 0
447.483917 268.834869 1 109.860260 270.770874 1 3
493.451508 417.017395 1 446.483398 353.912994 1 0
494.432617 100.895905 1 491.188599 26.584160 1 0
494.354034 247.098251 1 154.439651 214.479721 1 3
498.922089 380.277313 1 478.735840 123.372925 1 0
517.670593 85.866211 1 491.188599 26.584160 1 0
518.052795 263.964355 1 171.031204 217.243530 1 3
525.217163 8.204256 1 519.191345 12.784717 1 0
558.915649 410.128632 1 260.065796 299.681213 1 3
574.322144 405.845001 1 259.135651 289.917603 1 3
603.323547 169.824020 1 614.040100 408.015533 1 0
11.492935 194.097687 1 620.742249 134.576904 1 0
67.381180 176.745514 1 507.787537 120.922714 1 1
69.207542 153.016525 1 515.181763 102.568413 1 1
88.404839 185.522018 1 522.375183 135.509079 1 1
101.649284 80.224266 1 14.582146 279.759949 1 0
118.412895 206.577682 1 543.384521 166.893127 1 1
135.987701 209.549561 1 561.606384 178.516800 1 1
135.754547 240.917099 1 549.337769 205.721100 1 1
143.170898 14.598846 1 424.615265 157.969482 1 0
228.021759 157.412552 1 310.075867 111.922256 1 2
285.282867 214.752075 1 351.940308 159.474930 1 2
289.990265 163.386978 1 363.602325 117.171013 1 2
292.709869 104.378693 1 370.965790 58.909958 1 2
330.770172 105.875999 1 412.826477 64.410858 1 2
345.860870 301.229309 1 284.175446 72.879364 1 2
411.109222 201.639008 1 449.872803 64.510757 1 0
454.791840 246.830505 1 113.398628 239.646805 1 3
534.990601 159.090424 1 346.166901 277.161285 1 0
590.492493 168.620102 1 614.040100 408.015533 1 0
613.964355 374.143860 1 462.910065 138.953537 1 0
25.859261 159.476730 1 482.300507 96.165550 1 1
61.658772 138.500458 1 513.120117 88.622612 1 1
265.120605 107.949287 1 343.572906 61.536850 1 2
270.829742 292.226837 1 234.597763 285.666504 1 0
277.272186 332.719299 1 386.024231 314.124847 1 0
299.389954 149.753510 1 375.168793 105.144768 1 2
309.998871 170.830353 1 384.215454 126.969536 1 2
315.875153 194.188431 1 388.168518 149.461288 1 2
315.875153 194.188431 1 388.168518 149.461288 1 2
358.442657 109.344795 1 449.872803 64.510757 1 2
359.483215 377.743652 1 30.007071 356.295441 1 0
467.215454 462.776245 1 378.541595 425.156097 1 0
556.410522 360.165436 1 512.554321 257.903778 1 0
306.229279 228.072296 1 371.074341 179.142715 1 2
331.053772 302.304016 1 400.579529 263.416748 1 2
334.761444 247.180420 1 399.366302 198.939102 1 2
514.615234 176.826187 1 462.910065 138.953537 1 0
578.527283 252.834457 1 530.802673 240.413193 1 0
387.368439 245.709778 1 589.944885 205.625214 1 0
491.570892 375.477661 1 324.980591 362.599609 1 0
234.547714 257.986755 1 482.300507 96.165550 1 0
