8.634889 385.902893 1 319.241272 473.964966 1 0
11.195688 213.427551 1 218.931976 121.234718 1 1
11.728844 312.498596 1 535.838074 410.911560 1 0
28.890923 182.232849 1 234.993484 93.903854 1 1
31.643707 191.850739 1 241.115616 100.943764 1 1
42.119984 175.121231 1 245.170227 86.960449 1 1
45.952251 282.346069 1 273.893433 175.858902 1 1
63.609356 233.781769 1 285.940948 131.431000 1 1
75.118088 470.774414 1 540.416504 84.202332 1 0
85.007492 325.763306 1 268.234985 461.789215 1 0
90.500351 269.756439 1 318.321381 162.601868 1 1
101.704109 270.558258 1 245.361877 33.885620 1 0
109.136200 263.438477 1 339.934204 151.435989 1 1
111.311661 273.744232 1 555.021179 105.084946 1 0
117.897194 427.284363 1 536.275635 266.432220 1 0
131.457108 264.095276 1 360.232697 151.490814 1 1
142.810715 436.842346 1 41.884079 291.314240 1 0
163.233200 185.603958 1 605.885925 111.837456 1 0
164.897415 6.347612 1 617.216797 107.559387 1 0
168.068787 345.168549 1 345.217285 139.582001 1 0
168.566910 328.976837 1 593.434875 111.616920 1 0
170.644913 338.774689 1 109.981064 170.582748 1 0
191.671982 201.213989 1 271.137360 362.200836 1 0
198.636383 16.782929 1 318.321381 162.601868 1 0
248.965363 430.290009 1 332.093231 311.656555 1 0
256.615234 75.295265 1 441.321960 187.114548 1 2
273.754822 214.775864 1 429.251190 350.460632 1 2
276.870300 65.693077 1 464.651154 185.778778 1 2
302.037476 329.763641 1 433.582001 62.059780 1 0
316.243896 70.846504 1 512.533203 200.970840 1 2
321.484039 119.219383 1 506.811401 255.708557 1 2
320.390961 224.948959 1 478.849609 375.833557 1 2
326.622131 32.901762 1 530.140442 157.293976 1 2
328.641052 255.301834 1 375.942902 56.515530 1 0
333.630768 143.439301 1 515.184326 283.341888 1 2
342.863647 16.359340 1 387.775970 408.749420 1 0
345.437897 76.013977 1 543.353943 216.660126 1 2
349.324280 148.329697 1 85.370399 376.180817 1 0
350.717102 200.382599 1 520.861206 355.251953 1 2
352.780182 36.248764 1 560.307068 169.025589 1 2
357.855682 152.626343 1 541.611633 299.280823 1 2
366.880157 297.323669 1 189.761978 96.709869 1 0
370.064148 341.050232 1 614.990295 156.902573 1 0
381.277466 49.831062 1 591.420471 191.048950 1 2
380.832367 71.143402 1 589.491882 208.842773 1 2
382.931366 148.171738 1 128.754715 46.008759 1 0
393.261261 317.231659 1 423.793427 170.658371 1 0
396.299591 56.309826 1 609.180725 201.354492 1 2
398.022888 192.687042 1 61.236889 408.550385 1 0
407.368195 426.024384 1 420.684021 70.643791 1 0
408.821350 241.398987 1 387.775970 408.749420 1 0
410.278534 149.658737 1 604.698669 303.935822 1 2
423.727997 57.072788 1 261.799194 462.682861 1 0
424.102356 346.019440 1 56.208191 329.778076 1 0
427.056610 463.547058 1 345.217285 139.582001 1 0
450.950195 399.382599 1 153.572113 323.301086 1 0
470.991150 337.993408 1 41.884079 291.314240 1 3
499.757263 394.922913 1 184.927338 288.208710 1 0
514.337280 272.698364 1 60.746548 375.149689 1 0
520.969849 203.239746 1 294.444122 305.767487 1 0
555.154663 106.345657 1 241.318436 386.042999 1 0
557.543396 212.031281 1 109.852104 163.557022 1 3
563.611511 222.878601 1 123.679298 174.018463 1 3
573.408081 448.919403 1 224.211411 342.583893 1 0
577.426819 241.766022 1 468.041077 45.942902 1 0
578.331299 149.818466 1 269.125916 332.300934 1 0
580.007080 365.828308 1 63.212086 408.292511 1 0
581.033936 5.532244 1 20.901262 120.893517 1 0
582.555786 205.638489 1 131.652573 154.888107 1 3
584.675720 352.270508 1 219.758942 262.849670 1 0
589.371765 285.404053 1 189.965515 270.083344 1 0
590.785889 265.018677 1 245.926483 80.585678 1 0
591.838013 372.006622 1 605.335205 240.606674 1 0
594.892273 226.922134 1 153.477982 171.768417 1 3
602.987183 303.040588 1 178.935699 244.639053 1 3
604.051758 227.376511 1 162.693161 173.390686 1 3
604.930115 369.839050 1 35.355778 97.980217 1 0
620.673279 353.465485 1 192.401306 52.847340 1 0
624.631287 233.802155 1 105.168457 123.981537 1 0
21.211926 129.328018 1 89.850418 418.837280 1 0
33.899651 209.179810 1 246.186798 117.012512 1 1
58.409679 215.549240 1 276.567108 117.745224 1 1
60.422928 201.817764 1 276.041443 106.043068 1 1
62.116314 261.354706 1 291.088287 154.314468 1 1
63.994873 233.261383 1 285.940948 131.431000 1 1
80.797264 281.184875 1 310.865692 171.926590 1 1
95.629456 206.927109 1 308.828949 109.128983 1 1
99.679588 258.529419 1 329.192108 146.630264 1 1
128.713470 160.471405 1 307.828125 70.887016 1 1
131.150482 240.810837 1 355.250824 133.161148 1 1
136.300598 179.162323 1 336.827972 86.140991 1 1
175.296844 343.696747 1 215.222717 111.623207 1 0
196.881699 305.285980 1 411.691681 189.785919 1 1
317.129883 70.249214 1 512.533203 200.970840 1 2
337.695007 77.384338 1 534.127747 215.195343 1 2
350.102478 121.123558 1 536.275635 266.432220 1 2
392.405762 142.951187 1 584.738037 290.997131 1 2
434.999725 323.163818 1 22.461920 287.128296 1 3
544.939697 259.477509 1 101.178993 207.024643 1 3
582.483948 179.778168 1 130.741898 134.939072 1 3
595.972595 217.534714 1 149.953201 164.722488 1 3
595.972595 217.534714 1 149.953201 164.722488 1 3
625.144104 204.114532 1 180.158936 148.929932 1 3
630.949158 229.005951 1 189.389084 171.775604 1 3
22.314466 194.875229 1 218.931976 121.234718 1 1
53.811859 168.837814 1 257.842438 80.628777 1 1
70.980339 324.011108 1 296.523682 77.279068 1 0
94.462128 231.030228 1 317.980774 126.784515 1 1
130.735443 241.263229 1 355.250824 133.161148 1 1
139.833923 272.479370 1 366.980408 158.986572 1 1
276.656586 61.259605 1 465.214081 179.972336 1 2
282.652802 143.408401 1 461.078979 263.655853 1 2
292.294556 33.719818 1 489.877655 149.629333 1 2
316.286835 126.053291 1 498.393372 258.857361 1 2
345.835846 138.953018 1 528.789673 281.443237 1 2
346.580505 148.862946 1 526.616028 292.159332 1 2
359.516693 101.182991 1 538.940002 348.107178 1 0
503.410522 317.087555 1 68.411125 262.281281 1 3
511.161713 335.391083 1 74.835602 283.463379 1 3
523.701721 326.262909 1 86.402733 272.566895 1 3
608.211426 232.859390 1 168.680450 176.046249 1 3
614.476929 274.871918 1 182.567337 215.334213 1 3
630.693970 218.629364 1 188.848358 161.353683 1 3
636.347473 203.919586 1 73.837250 309.143921 1 0
51.614178 281.349152 1 281.047150 173.998077 1 1
84.279175 207.155899 1 297.981689 110.894630 1 1
93.291206 354.500122 1 412.762299 146.693649 1 0
110.879150 174.701126 1 314.767151 82.653709 1 1
175.873596 256.428589 1 392.163513 145.263885 1 1
181.879257 243.832840 1 396.150360 137.268661 1 1
196.598755 267.674652 1 409.545288 156.380035 1 1
321.622650 31.377453 1 525.258789 154.174484 1 2
325.679718 123.437370 1 510.454803 259.721680 1 2
341.574646 174.981171 1 520.922180 321.987396 1 2
383.350342 162.172241 1 570.229309 313.214386 1 2
450.285065 334.918915 1 27.551401 290.620056 1 3
496.165283 353.266968 1 67.494873 301.449158 1 3
571.115112 271.692108 1 130.581940 218.820404 1 3
573.966370 201.101547 1 122.202469 152.396942 1 3
52.070824 247.129593 1 276.200836 145.360489 1 1
341.386444 196.967331 1 508.414062 348.266876 1 2
355.258270 167.239365 1 537.125732 314.490540 1 2
354.737152 207.538651 1 520.959595 367.664185 1 2
375.017578 177.991302 1 556.389832 330.564392 1 2
522.028381 265.796631 1 83.627052 218.243866 1 3
554.627380 253.598099 1 110.084541 203.265137 1 3
620.101196 213.959885 1 176.652390 159.832382 1 3
620.101196 213.959885 1 176.652390 159.832382 1 3
27.010466 187.009506 1 231.654510 100.939545 1 1
53.325443 228.658737 1 273.012970 130.054260 1 1
82.623589 259.823547 1 311.788086 150.861526 1 1
173.728363 241.044037 1 393.602692 133.234299 1 1
244.392761 174.000946 1 406.800171 295.192932 1 2
276.915131 128.981926 1 508.414062 348.266876 1 0
367.116180 55.988255 1 574.183228 189.719772 1 2
490.977112 242.107544 1 59.470222 201.180649 1 3
324.072876 94.329971 1 515.802734 236.050125 1 2
365.991608 67.478607 1 572.389587 208.740219 1 2
488.091278 323.858093 1 53.938812 276.049591 1 3
595.546936 301.852417 1 168.886292 242.276566 1 3
608.753418 268.418121 1 176.746552 206.503052 1 3
495.376526 217.241180 1 65.676140 182.438278 1 3
520.841797 347.252533 1 92.615578 292.779205 1 3
41.045525 267.326172 1 272.465790 73.379143 1 0
248.808182 207.548950 1 452.241394 181.526947 1 0
401.000183 169.578430 1 589.672546 324.891205 1 2
