22.621708 414.861298 1 418.784149 340.184509 1 0
32.834261 187.025803 1 324.272278 214.231400 1 0
43.999096 100.844955 1 589.467834 55.890167 1 0
54.057556 90.843468 1 7.374712 355.927277 1 0
55.470081 447.999207 1 593.125977 169.946121 1 0
65.568428 91.910431 1 534.597412 366.435059 1 0
77.632111 88.956734 1 63.567307 258.948181 1 0
77.957764 123.005432 1 479.080627 33.806286 1 0
81.191162 451.584442 1 425.414856 97.672928 1 0
106.078682 348.939880 1 466.333954 203.930603 1 0
106.078682 348.939880 1 280.333221 443.820770 1 0
108.120323 360.979584 1 257.444092 149.234604 1 0
111.004395 28.238224 1 20.690281 191.264374 1 0
123.411514 146.753204 1 91.936897 295.634949 1 0
126.252037 51.379189 1 320.105499 445.619995 1 0
142.068848 221.907349 1 557.059998 406.921936 1 0
142.969452 170.969238 1 502.529083 342.222778 1 0
144.848022 146.685944 1 553.069946 260.453033 1 0
156.296387 241.896057 1 121.998032 196.492950 1 0
160.621857 447.544830 1 140.907486 72.400284 1 0
162.697235 241.206497 1 180.369553 370.539978 1 1
167.149567 200.836472 1 194.615524 318.145386 1 1
167.059692 234.952316 1 188.517502 360.920776 1 1
168.443756 396.668152 1 53.054417 73.524849 1 0
173.297592 78.505440 1 297.484680 386.516846 1 0
173.297592 78.505440 1 364.513580 196.669250 1 0
182.537674 163.949509 1 222.395920 272.819641 1 1
192.400986 44.496319 1 351.493561 359.088867 1 0
219.096130 393.986420 1 400.865387 220.541367 1 0
223.047531 252.719147 1 108.743599 436.860992 1 0
226.693771 290.826447 1 437.251495 200.136551 1 0
228.947647 54.540428 1 380.348694 436.632446 1 0
246.074814 393.116669 1 163.035599 47.370697 1 0
246.074814 393.116669 1 378.391937 12.300724 1 0
273.787323 123.176170 1 562.859253 287.924103 1 0
278.184540 6.767005 1 531.125732 285.325745 1 0
278.875732 465.870514 1 109.278816 253.590378 1 0
292.948853 175.273254 1 448.256012 293.984528 1 2
304.204285 168.502350 1 463.149323 289.662537 1 2
307.379242 158.583694 1 466.578766 275.534882 1 2
306.849823 220.586578 1 53.054417 73.524849 1 0
320.216278 319.923920 1 411.743683 106.117111 1 0
329.237915 161.294647 1 490.680939 281.280182 1 2
342.895081 229.716797 1 493.328827 366.116974 1 2
352.533752 165.679291 1 521.171753 291.169678 1 2
359.045685 207.155609 1 519.971558 341.934937 1 2
360.355774 187.540756 1 523.709167 318.106873 1 2
363.409088 198.101974 1 520.500610 330.083130 1 2
368.988831 78.795204 1 469.590454 442.429932 1 0
369.812317 216.926804 1 528.417725 356.191711 1 2
376.435852 154.970154 1 550.315674 278.087311 1 2
381.884155 301.031158 1 343.259674 198.396500 1 0
382.690125 228.108810 1 544.283813 373.583160 1 2
386.706421 102.175095 1 32.591940 268.484619 1 0
387.450439 174.866516 1 561.481079 311.456451 1 2
387.827820 85.895004 1 250.523209 324.289856 1 0
399.116638 362.943512 1 58.207970 221.786926 1 0
399.840424 195.127960 1 569.701599 337.412750 1 2
411.298065 234.843399 1 222.353928 65.002419 1 0
412.954773 93.876549 1 259.072327 452.790680 1 0
460.953369 436.644257 1 330.599670 112.017738 1 0
476.852570 314.553162 1 124.521683 34.553589 1 0
479.294830 243.687653 1 186.117645 203.496048 1 3
498.178864 260.630524 1 544.876160 34.667023 1 0
512.597229 460.017883 1 418.821350 41.027512 1 0
518.347107 120.668800 1 182.253815 84.420906 1 3
519.042603 377.862457 1 79.978485 174.974152 1 0
526.182617 264.366425 1 165.928436 147.589005 1 0
530.720703 409.493530 1 297.400726 395.059509 1 0
538.724243 135.588516 1 203.477844 91.412445 1 3
543.198425 96.234680 1 198.798843 59.363163 1 3
547.927063 387.470459 1 437.172333 180.764984 1 0
548.854187 230.481384 1 238.704178 168.875290 1 3
560.765137 149.799576 1 231.005951 96.940811 1 3
562.231079 206.111481 1 242.298706 143.958801 1 3
563.147583 316.405273 1 260.205261 18.011627 1 0
565.213440 330.621796 1 31.095169 346.820831 1 0
567.665405 476.532440 1 194.615524 318.145386 1 0
567.665405 476.532440 1 7.374712 355.927277 1 0
573.908508 288.156281 1 324.678650 195.803970 1 0
611.910522 198.547607 1 186.117645 203.496048 1 0
627.193542 468.027618 1 624.393799 360.830963 1 0
636.987000 70.874748 1 7.374712 355.927277 1 0
24.383398 334.924194 1 30.481060 77.507027 1 0
126.953072 256.635895 1 137.793182 377.747070 1 1
153.904449 162.810074 1 187.668335 268.798889 1 1
158.812164 255.664368 1 174.338623 384.515289 1 1
172.844986 146.330902 1 210.704651 254.793091 1 1
186.958511 190.671738 1 220.950928 308.963959 1 1
206.469269 148.156631 1 253.501648 254.918167 1 1
206.469269 148.156631 1 253.501648 254.918167 1 1
290.829590 168.480911 1 445.658813 284.970062 1 2
356.489441 237.538345 1 511.568604 379.905273 1 2
358.976898 220.057861 1 516.998962 358.432312 1 2
362.133148 232.829620 1 518.149902 375.657349 1 2
367.969208 145.257080 1 539.031128 262.775665 1 2
368.034454 230.203781 1 526.271118 373.184601 1 2
374.081390 168.213242 1 544.824646 299.468475 1 2
384.478729 151.354568 1 564.077209 274.711914 1 2
441.206390 163.528122 1 630.309143 306.101868 1 2
468.344940 189.790817 1 159.301727 157.759735 1 3
471.666931 166.017426 1 154.865280 135.726349 1 3
487.089050 202.872543 1 178.676773 162.993698 1 3
495.883759 129.826553 1 164.972900 97.255280 1 3
538.139771 160.967514 1 208.879959 111.607628 1 3
540.355835 111.865425 1 199.299774 72.131119 1 3
539.769226 187.760101 1 216.025940 132.536514 1 3
554.462341 176.420944 1 226.034149 119.642487 1 3
556.133362 206.022217 1 236.733932 144.835266 1 3
562.002075 126.470146 1 221.116302 78.674248 1 3
567.571594 151.924744 1 231.005951 96.940811 1 3
571.569641 219.227234 1 255.189301 154.014267 1 3
576.035156 214.067535 1 257.444092 149.234604 1 3
587.260559 231.179901 1 273.090851 161.779480 1 3
600.498596 184.122543 1 268.392914 117.031769 1 3
602.186523 133.589081 1 256.821762 74.960052 1 3
130.111496 190.534531 1 156.794708 297.502716 1 1
155.458542 197.794296 1 181.727173 313.252869 1 1
175.808060 138.733994 1 215.975449 247.092987 1 1
258.477478 192.469711 1 406.884552 310.980194 1 2
287.388367 144.258835 1 439.800690 248.391235 1 2
334.443726 207.650269 1 488.871277 335.419525 1 2
474.768402 140.783829 1 149.206314 110.963036 1 3
483.092468 226.298645 1 183.191406 185.825119 1 3
498.062378 226.156357 1 193.570267 179.631973 1 3
507.253815 220.311234 1 200.872055 171.633987 1 3
512.892426 197.576035 1 196.523682 147.979034 1 3
515.758545 144.925858 1 186.005630 104.357742 1 3
523.393860 121.321190 1 187.137863 83.487671 1 3
533.281555 211.946594 1 219.438705 155.239258 1 3
546.338623 215.852188 1 199.443359 81.859207 1 0
561.938232 177.461960 1 232.792847 119.166565 1 3
568.544250 236.940796 1 258.937500 171.485504 1 3
585.043823 167.191818 1 249.678619 105.535057 1 3
588.155518 140.942703 1 247.378937 83.588524 1 3
607.587158 157.105103 1 266.254639 92.294312 1 3
129.867401 190.672867 1 156.794708 297.502716 1 1
284.462799 163.713913 1 437.890930 277.379303 1 2
305.813690 143.148895 1 464.766754 250.278275 1 2
335.777313 137.437546 1 499.847809 245.414536 1 2
339.493134 173.573669 1 503.685883 298.652985 1 2
353.954803 139.687546 1 522.538025 252.311020 1 2
372.311035 183.901306 1 539.467041 316.274719 1 2
382.449768 192.750809 1 551.291016 331.926239 1 2
517.606384 173.485001 1 194.324646 126.284164 1 3
527.175781 236.607864 1 222.465622 179.214981 1 3
146.013336 236.498886 1 160.446213 363.902771 1 1
210.542160 207.966980 1 250.523209 324.289856 1 1
495.843018 156.437027 1 171.954498 117.956703 1 3
515.773682 158.220459 1 189.294937 114.646126 1 3
520.862305 132.634888 1 187.658340 93.397423 1 3
558.281067 233.750290 1 248.440216 169.925110 1 3
566.022827 208.939926 1 246.825119 146.173752 1 3
584.413086 152.914078 1 246.246918 94.342133 1 3
588.541504 197.748688 1 262.951263 131.983292 1 3
595.301758 173.303345 1 260.454956 108.829582 1 3
500.026855 201.138657 1 188.899811 156.994553 1 3
540.430237 174.267212 1 214.037567 121.492058 1 3
611.095459 176.848053 1 275.535370 108.895515 1 3
173.064957 247.528839 1 193.520691 375.227966 1 1
565.867798 186.453888 1 240.567078 125.456314 1 3
599.548828 211.377274 1 277.539673 140.567719 1 3
613.229004 163.104462 1 273.460266 94.816566 1 3
112.510094 245.914948 1 128.517593 360.706390 1 1
540.509827 123.678139 1 203.228958 81.654907 1 3
