6.114895 36.539440 1 11.125540 368.596954 1 0
12.051280 243.675842 1 631.514832 153.260101 1 0
16.964774 86.739151 1 374.702362 402.124207 1 0
22.463930 135.915375 1 43.241570 318.782440 1 0
28.433836 121.062492 1 107.066887 436.278442 1 0
28.183708 139.504227 1 124.380310 420.523590 1 0
43.439377 15.525574 1 604.579102 143.786224 1 0
45.239967 105.704498 1 115.629005 24.742889 1 0
56.199867 265.572968 1 254.460220 416.697388 1 0
76.755074 66.701981 1 199.121948 334.963135 1 0
80.732269 361.648743 1 408.887543 103.313454 1 0
82.508347 377.600128 1 516.822144 193.999573 1 0
95.070221 98.538170 1 24.495735 354.682617 1 0
94.416351 117.797966 1 429.911255 237.623474 1 0
94.416351 117.797966 1 257.960022 411.581787 1 0
100.164688 64.007656 1 270.210693 348.797668 1 0
102.850609 372.810516 1 52.303387 204.719482 1 0
102.496483 85.887306 1 100.491806 125.832695 1 0
122.540848 473.362976 1 100.491806 125.832695 1 0
124.961266 47.171917 1 47.735374 465.389740 1 0
136.634232 123.227272 1 256.391342 390.884766 1 0
151.452530 318.503235 1 531.683411 392.898499 1 0
159.012772 38.090965 1 18.992453 454.488220 1 0
167.903473 12.806219 1 610.849976 433.430664 1 0
172.136612 66.430458 1 196.776291 426.174622 1 0
178.376984 67.662422 1 477.500946 316.161774 1 0
179.889374 224.055756 1 466.754761 73.113251 1 0
183.835693 360.592957 1 57.855858 464.030640 1 0
184.750961 251.882675 1 362.952148 162.053848 1 1
195.493149 300.485474 1 181.906631 121.387566 1 0
195.896744 259.233368 1 374.234985 168.138580 1 1
195.896744 259.233368 1 374.234985 168.138580 1 1
198.542099 173.167297 1 385.586823 89.412567 1 1
212.175903 283.600098 1 386.988373 191.606644 1 1
212.175903 283.600098 1 386.988373 191.606644 1 1
215.280655 207.881302 1 492.114777 194.823792 1 0
218.003189 93.329552 1 66.220284 256.868256 1 0
220.423203 312.780029 1 389.872070 220.232117 1 1
220.423203 312.780029 1 389.872070 220.232117 1 1
223.956116 91.622375 1 629.767578 224.395584 1 0
232.390732 218.940979 1 419.902252 125.918739 1 1
235.104599 195.120651 1 420.124115 108.970253 1 1
235.833832 149.059814 1 417.746796 72.316101 1 1
240.989105 253.110428 1 417.746796 72.316101 1 0
243.488052 17.318163 1 43.241570 318.782440 1 0
244.924606 331.565765 1 413.168549 236.875717 1 1
246.465332 419.480316 1 605.121094 101.413956 1 0
259.922485 47.631973 1 552.993591 316.793854 1 0
285.957306 124.629791 1 484.180817 223.728348 1 0
291.632599 336.040039 1 453.689423 243.944412 1 1
315.035034 339.459534 1 117.181664 154.986160 1 0
316.800903 20.538725 1 527.686340 437.042847 1 0
318.851135 349.883270 1 130.878418 35.168922 1 0
318.816132 440.088959 1 446.621460 133.104660 1 0
328.221527 264.449097 1 494.110962 179.876160 1 1
329.203156 167.523438 1 503.069672 91.616432 1 1
329.203156 167.523438 1 503.069672 91.616432 1 1
336.522614 50.573147 1 440.272705 405.020966 1 0
342.023102 240.416061 1 507.078430 159.602448 1 1
342.802795 193.218567 1 513.528564 115.820541 1 1
352.449615 79.929863 1 85.750656 410.485901 1 0
354.058838 271.763489 1 513.219116 191.829758 1 1
356.619720 445.332275 1 228.886368 236.798569 1 0
361.268433 47.686600 1 107.066887 436.278442 1 0
363.144958 264.856171 1 165.787170 314.679016 1 0
367.534973 11.345969 1 511.799500 375.476288 1 0
369.299011 168.587997 1 429.911255 237.623474 1 0
368.856293 199.274261 1 533.033447 124.877960 1 1
368.904755 227.983780 1 399.247528 66.700348 1 0
377.861542 257.163849 1 335.311493 388.208557 1 0
410.277649 59.403358 1 527.686340 437.042847 1 0
410.761139 107.222153 1 599.923706 448.477356 1 0
410.761139 107.222153 1 173.768417 382.766266 1 0
410.579315 458.891144 1 181.630768 47.366837 1 0
414.829346 327.622345 1 571.393188 48.355606 1 0
415.618500 381.214081 1 560.934326 469.018036 1 0
415.751740 51.952023 1 516.822144 193.999573 1 0
415.729462 397.284729 1 466.754761 73.113251 1 0
432.909546 472.697540 1 256.194305 45.562641 1 0
434.082642 446.347748 1 614.813843 58.591026 1 0
435.392822 179.042557 1 552.993591 316.793854 1 0
437.065704 52.008476 1 482.891144 233.661057 1 0
437.895966 15.444052 1 506.828217 191.823151 1 0
437.806152 463.588684 1 544.251892 226.467529 1 0
451.249878 283.423706 1 40.884388 405.021301 1 0
452.233765 255.953064 1 180.460236 182.425568 1 2
456.417023 314.248596 1 203.089874 238.618683 1 2
458.101898 379.835144 1 215.431259 293.333313 1 2
461.911865 118.469955 1 477.500946 316.161774 1 0
470.358490 200.615448 1 190.233231 132.077271 1 2
470.319611 301.957367 1 213.360077 225.227051 1 2
471.304260 168.540726 1 457.091827 428.923096 1 0
473.778748 120.464775 1 164.956390 410.586700 1 0
477.589325 328.161926 1 226.796829 248.301743 1 2
482.024200 304.503540 1 224.285324 225.456589 1 2
482.024200 304.503540 1 224.285324 225.456589 1 2
483.647461 133.131104 1 124.380310 420.523590 1 0
483.647461 133.131104 1 561.258362 273.041504 1 0
489.060333 130.105148 1 192.985001 243.657776 1 0
493.901978 306.368835 1 235.724869 225.139816 1 2
496.003754 428.748322 1 614.813843 58.591026 1 0
511.966553 299.740326 1 250.020905 216.045471 1 2
511.966553 299.740326 1 250.020905 216.045471 1 2
518.112854 149.641006 1 420.075500 321.579468 1 0
521.008240 234.457458 1 237.395859 160.546173 1 2
522.765137 222.997421 1 238.845718 149.078949 1 2
532.835938 316.164917 1 276.153198 230.251694 1 2
534.199280 99.553658 1 139.524582 468.999390 1 0
540.748779 287.151062 1 278.719727 204.341965 1 2
550.008179 42.348564 1 270.210693 348.797668 1 0
556.993164 120.549164 1 457.091827 428.923096 1 0
556.435730 405.920044 1 66.433105 251.132812 1 0
561.238831 467.161560 1 512.861572 390.903809 1 0
563.840210 161.308884 1 149.259949 185.316620 1 0
566.264709 117.027977 1 595.735046 387.209412 1 0
568.323059 96.561089 1 587.748047 352.744019 1 0
570.231812 6.368302 1 583.363525 388.432068 1 0
589.034180 337.408478 1 535.298584 49.157887 1 0
600.335510 295.112213 1 350.141876 344.067017 1 0
604.097168 388.073425 1 601.950867 235.910263 1 0
612.245483 375.639252 1 91.050171 432.912598 1 0
626.103821 150.414307 1 411.976379 317.863556 1 0
626.922668 305.068970 1 99.128029 401.797394 1 0
626.922668 305.068970 1 257.960022 411.581787 1 0
627.927856 437.786133 1 392.384186 172.845810 1 0
632.993042 137.090195 1 610.819702 36.046940 1 0
636.065125 314.921783 1 412.439697 329.772247 1 0
636.065125 314.921783 1 518.339417 106.889061 1 0
179.402618 184.150192 1 369.919342 96.858192 1 1
197.150070 294.557770 1 368.056580 204.908157 1 1
213.218445 264.402618 1 392.400940 172.971329 1 1
217.267487 143.560638 1 399.247528 66.700348 1 1
217.230698 291.269073 1 391.409119 200.059891 1 1
222.188004 189.204208 1 408.887543 103.313454 1 1
241.081070 309.376495 1 413.585175 214.726440 1 1
263.899048 164.145325 1 443.914581 85.827133 1 1
290.208588 145.689606 1 466.754761 73.113251 1 1
326.053436 206.144714 1 501.263245 122.750366 1 1
329.944458 167.428360 1 503.069672 91.616432 1 1
342.407532 194.102448 1 513.528564 115.820541 1 1
407.986420 295.561523 1 162.327667 236.377426 1 2
429.138336 417.877258 1 199.121948 334.963135 1 2
436.213654 201.318909 1 161.893158 139.838776 1 2
436.391998 343.183594 1 169.325134 197.977356 1 0
443.620514 316.718506 1 192.985001 243.657776 1 2
443.620514 316.718506 1 192.985001 243.657776 1 2
446.263214 252.570999 1 174.575638 181.492279 1 2
469.732452 190.658325 1 189.915680 125.787437 1 2
472.794220 308.773163 1 217.414215 230.926315 1 2
480.800690 310.822632 1 224.216690 231.788498 1 2
483.252808 303.919189 1 224.285324 225.456589 1 2
483.252808 303.919189 1 226.963989 223.240265 1 2
483.746490 317.251648 1 228.886368 236.798569 1 2
485.309082 310.067932 1 224.216690 231.788498 1 2
485.309082 310.067932 1 224.216690 231.788498 1 2
487.430176 247.527130 1 210.257980 170.026550 1 2
501.732788 298.268646 1 241.319748 216.501816 1 2
559.535461 358.936523 1 302.786011 259.055725 1 2
573.150330 375.744324 1 319.157471 273.942352 1 2
183.910156 252.226822 1 362.952148 162.053848 1 1
182.776962 282.610809 1 493.920197 83.007614 1 0
190.747116 251.623856 1 369.896912 160.425903 1 1
221.283081 189.215500 1 408.887543 103.313454 1 1
233.859680 154.889359 1 415.576752 76.962830 1 1
234.467972 295.617096 1 406.063965 196.376129 1 1
262.260651 137.747391 1 439.660004 64.984745 1 1
270.655975 349.508820 1 435.510284 250.483322 1 1
287.584930 185.598434 1 473.186401 104.905258 1 1
289.550934 152.901764 1 465.173096 78.324959 1 1
294.871155 187.081619 1 473.186401 104.905258 1 1
338.912231 153.624954 1 509.749084 81.771225 1 1
347.004913 217.349319 1 513.878601 137.473770 1 1
350.067871 266.403137 1 510.500122 185.570099 1 1
399.575745 289.872589 1 155.273102 232.091049 1 2
408.739380 296.186676 1 162.327667 236.377426 1 2
426.432343 356.885162 1 183.775665 281.580811 1 2
438.693481 257.653961 1 169.596405 186.472000 1 2
444.746826 250.701019 1 172.460342 178.073120 1 2
483.108368 291.471863 1 222.727966 214.147736 1 2
508.285645 306.683380 1 248.764023 223.759079 1 2
520.419067 235.870682 1 237.395859 160.546173 1 2
532.812134 317.555359 1 276.153198 230.251694 1 2
545.599609 328.045502 1 288.421143 237.818924 1 2
554.179016 212.971725 1 322.739441 259.301788 1 0
179.847946 192.015961 1 370.190918 104.104431 1 1
231.720245 189.024780 1 416.908997 103.858246 1 1
234.145187 227.595062 1 421.421265 134.996353 1 1
261.429657 205.885269 1 443.147400 118.605835 1 1
265.954620 116.750961 1 440.512146 48.245090 1 1
266.546356 302.245056 1 441.159821 204.981033 1 1
268.314667 328.622498 1 438.320221 230.733841 1 1
274.878021 285.333008 1 442.881317 78.471138 1 0
289.372864 223.964340 1 470.721375 134.217407 1 1
320.375031 167.407272 1 495.090027 91.050697 1 1
346.204041 185.297516 1 518.339417 106.889061 1 1
350.531158 265.436401 1 510.500122 185.570099 1 1
436.560089 256.992325 1 169.596405 186.472000 1 2
444.687744 338.699982 1 197.558319 262.704865 1 2
456.953003 297.252533 1 199.304901 222.731445 1 2
467.476898 315.895233 1 213.318008 238.486023 1 2
474.714172 308.518677 1 217.414215 230.926315 1 2
483.098663 291.617981 1 222.727966 214.147736 1 2
482.113831 390.058441 1 238.091324 300.028290 1 2
489.595764 299.029694 1 230.195068 219.515884 1 2
489.595764 299.029694 1 230.195068 219.515884 1 2
510.062042 288.483002 1 246.741013 206.378235 1 2
524.464478 303.265564 1 267.478851 220.950302 1 2
199.137650 242.369415 1 381.257019 150.669296 1 1
203.445251 269.014252 1 380.469391 178.618332 1 1
227.987427 209.534958 1 417.722443 118.483833 1 1
225.722076 262.039581 1 407.073334 169.776398 1 1
254.036819 281.796417 1 430.670959 183.819778 1 1
318.184387 203.989288 1 494.660797 120.263275 1 1
320.196655 265.804779 1 487.672455 180.103409 1 1
420.554871 213.392456 1 150.255875 153.533188 1 2
441.901978 243.982452 1 168.500534 172.294952 1 2
468.204285 275.472412 1 200.189468 198.602814 1 2
468.204285 275.472412 1 200.189468 198.602814 1 2
539.501099 310.483734 1 284.549713 227.569855 1 2
237.222137 170.755051 1 420.354614 89.818413 1 1
262.358887 187.162903 1 443.712799 103.507477 1 1
264.033173 154.696686 1 442.881317 78.471138 1 1
280.336914 309.416443 1 451.379974 214.523773 1 1
291.627106 169.436935 1 469.541107 91.536781 1 1
294.441620 203.655930 1 474.671722 118.601555 1 1
307.866089 257.359985 1 479.921021 169.173828 1 1
316.972931 185.448151 1 491.883881 104.453354 1 1
333.666138 235.364685 1 503.163452 154.008041 1 1
334.860718 207.979019 1 506.844757 125.910744 1 1
423.534058 339.885437 1 181.110596 268.259247 1 2
436.118103 271.599884 1 169.325134 197.977356 1 2
439.700409 238.353271 1 168.500534 172.294952 1 2
462.349152 368.356995 1 212.670883 284.474640 1 2
500.893463 207.708450 1 219.642105 135.989807 1 2
523.229614 357.740845 1 270.674011 265.539398 1 2
546.301819 362.489532 1 291.285675 263.279602 1 2
189.054810 279.932281 1 361.366547 190.085007 1 1
206.996399 190.573853 1 394.307495 103.730988 1 1
440.655731 326.127625 1 169.325134 197.977356 1 0
441.969238 378.834198 1 200.852539 295.983826 1 2
471.944244 225.981247 1 193.920074 153.621811 1 2
531.806641 287.389648 1 271.470947 206.123734 1 2
563.265442 349.660309 1 304.544952 249.607040 1 2
204.800247 163.390747 1 399.239197 78.715454 1 1
262.317383 225.354782 1 446.621460 133.104660 1 1
209.053970 161.873276 1 399.239197 78.715454 1 1
468.795013 336.957031 1 218.302170 256.136276 1 2
419.364471 399.395294 1 188.587387 320.996368 1 2
271.474213 161.022186 1 435.510284 250.483322 1 0
